version: 2.0.0
params: 116.392 136.667 0.196625 0.143764 -128.312 
accuracy: 6.25466
noise_level: 1.43107e-315
UTC: 1717084831538
