version: 2.0.0
params: 229.795 211.447 0.357029 0.287626 104.596 
accuracy: 1.99498
noise_level: 3.42326e-310
UTC: 1717084831538
