OS_x: 51.2058 47.2107 8.63226 47.8464 4.11258 30.7487 39.1465 19.6229 30.7777 
OS_y: 173.913 163.767 183.049 186.972 204.475 162.458 209.278 205.11 181.781 
TRIAL_x: -9.81579 -9.81579 -1.57464e-06 -1.57464e-06 9.81579 -9.81579 9.81579 9.81579 -1.57464e-06 
TRIAL_y: -10 -1.60419e-06 10 -10 10 10 -10 -1.60419e-06 -1.60419e-06 
