version: 2.0.0
params: 28.353 185.506 0.492773 0.483417 -108.246 
accuracy: 2.98022
noise_level: 6.46656e-310
UTC: 1709919377540
