version: 2.0.0
params: 346.134 189.638 0.415135 0.387478 105.618 
accuracy: 3.13117
noise_level: -1.78147e+118
UTC: 1709919377540
