version: 2.0.0
params: 278.131 193.648 0.310197 0.301215 100.939 
accuracy: 4.90482
noise_level: 6.3747e-310
UTC: 1713278306844
