OS_x: 106.876 88.861 96.0642 142.476 132.003 130.438 155.663 77.0723 106.867 
OS_y: 131.616 155.376 173.614 161.247 138.087 192.269 135.715 182.674 151.092 
TRIAL_x: -9.81579 -1.57464e-06 9.81579 -1.57464e-06 -9.81579 9.81579 -9.81579 9.81579 -1.57464e-06 
TRIAL_y: 10 10 -1.60419e-06 -10 -1.60419e-06 -10 -10 10 -1.60419e-06 
