version: 2.0.0
params: 114.43 157.102 0.319259 0.350973 -107.074 
accuracy: 2.88272
noise_level: 0
UTC: 1713278306844
