version: 2.0.0
params: 261.125 179.828 0.274511 0.264507 105 
accuracy: 2.73674
noise_level: 6.57829e-310
UTC: 1730822289196
