UTC: 1730822289196
INIT_latency: 0.16419
INIT_accel: 223.481
SS_gain: 0.708854
SS_sacc_amp: 5.02341
SS_prop_smooth: 0.259767
DIR_anisotropy: nan
DIR_asymmetry: nan
DIR_noise: 13.5413
SPD_responsiveness: 2
SPD_noise: 4.51432
nFit: 0.827227
