OS_x: 176.183 188.25 117.662 196.578 129.817 144.254 158.399 171.026 143.956 
OS_y: 198.035 164.336 189.762 141.055 159.751 192.23 160.756 132.698 131.838 
TRIAL_x: 9.81579 -1.57464e-06 9.81579 -9.81579 -1.57464e-06 9.81579 -1.57464e-06 -9.81579 -9.81579 
TRIAL_y: -10 -10 10 -10 10 -1.60419e-06 -1.60419e-06 -1.60419e-06 10 
