version: 2.0.0
params: 158.064 162.81 0.316736 0.316942 -104.99 
accuracy: 1.53991
noise_level: 0
UTC: 1730822289196
