OS_x: 25.2055 13.7955 48.7906 37.3335 27.4158 19.9984 98.0552 143.731 91.3206 
OS_y: 192.189 210.047 187.047 173.523 214.606 173.14 191.176 170.159 184.258 
TRIAL_x: -1.57464e-06 9.81579 -1.57464e-06 -9.81579 9.81579 -9.81579 9.81579 -9.81579 -1.57464e-06 
TRIAL_y: -1.60419e-06 -1.60419e-06 -10 -1.60419e-06 -10 10 10 -10 10 
