version: 2.0.0
params: 323.496 167.07 -0.037793 0.0663548 176.668 
accuracy: 8.48752
noise_level: 6.69827e-310
UTC: 1709567939727
