version: 2.0.0
params: 27.4237 190.851 0.0753982 0.508528 -96.0089 
accuracy: 7.03355
noise_level: 0
UTC: 1709567939727
