OS_x: 81.8919 99.9942 121.28 108.456 95.96 75.6781 55.9568 85.8252 65.3532 
OS_y: 161.031 154.809 159.182 180.674 204.777 200.362 196.439 173.991 172.999 
TRIAL_x: -9.81579 -9.81579 -9.81579 -1.57464e-06 9.81579 9.81579 9.81579 -1.57464e-06 -1.57464e-06 
TRIAL_y: 10 -1.60419e-06 -10 -10 -10 -1.60419e-06 10 -1.60419e-06 10 
