version: 2.0.0
params: 272.081 213.078 0.435094 0.400942 105.772 
accuracy: 1.9268
noise_level: 6.69123e-90
UTC: 1716392816438
