version: 2.0.0
params: 87.3774 177.042 0.386426 0.39894 -107.429 
accuracy: 2.35261
noise_level: 6.77601e-310
UTC: 1716392816438
