version: 2.0.0
params: 55.3541 186.1 0.435887 0.459576 -107.951 
accuracy: 2.84525
noise_level: 6.29371e-310
UTC: 1710170648050
