OS_x: 53.699 73.3177 51.4148 84.471 65.4436 36.6777 25.9113 56.64 48.7836 
OS_y: 186.207 190.2 169.149 171.966 165.875 183.152 205.572 211.175 196.515 
TRIAL_x: -1.57464e-06 -1.57464e-06 -9.81579 -9.81579 -9.81579 -1.57464e-06 9.81579 9.81579 9.81579 
TRIAL_y: -1.60419e-06 -10 10 -10 -1.60419e-06 10 10 -10 -1.60419e-06 
