version: 2.0.0
params: 343.989 196.83 0.490909 0.461409 104.675 
accuracy: 3.18983
noise_level: 1.41876e+210
UTC: 1710170648050
