version: 2.0.0
params: 202.513 174.078 0.56152 0.598352 103.381 
accuracy: 1.18524
noise_level: 1.13845e+256
UTC: 1706571134488
