UTC: 1706571134488
InitLatency: 0.161458
InitAccel: 152.417
DIR_noise: 5.59291
SS_gain: 0.68087
SS_sacc_amp: 5.21356
SS_prop_smooth: 0.408282
SPD_reponsiveness: 1.325
SPD_noise: 2.81592
nFit: 0.789351
