version: 2.0.0
params: 182.855 178.098 0.497088 0.502395 -104.873 
accuracy: 1.14641
noise_level: 6.64285e-310
UTC: 1706571134488
