OS_x: 207.86 172.448 194.367 158.08 201.822 164.376 189.137 181.989 175.619 
OS_y: 163.735 158.547 201.67 195.435 181.317 174.801 159.5 176.345 196.815 
TRIAL_x: -9.81579 -9.81579 9.81579 9.81579 -1.57464e-06 -1.57464e-06 -9.81579 -1.57464e-06 9.81579 
TRIAL_y: -10 10 -10 10 -10 10 -1.60419e-06 -1.60419e-06 -1.60419e-06 
