version: 2.0.0
params: 137.774 190.587 0.375345 0.369742 -106.095 
accuracy: 1.77876
noise_level: 1.35226e-315
UTC: 1725989743329
