UTC: 1725989743329
InitLatency: 0.152668
InitAccel: 206.84
DIR_noise: 13.5153
SS_gain: 0.540442
SS_sacc_amp: 6.32716
SS_prop_smooth: 0.27625
SPD_reponsiveness: 1.4
SPD_noise: 3.29007
nFit: 0.319652
