version: 2.0.0
params: 271.811 205.55 0.378346 0.354775 105.505 
accuracy: 1.74718
noise_level: 3.42688e-310
UTC: 1725989743329
