OS_x: 104.685 126.218 171.465 159.91 127.094 136.94 150.238 114.913 148.874 
OS_y: 214.27 216.978 171.586 194.046 165.214 188.536 219.795 187.068 166.112 
TRIAL_x: 9.81579 9.81579 -9.81579 -1.57464e-06 -9.81579 -1.57464e-06 9.81579 -1.57464e-06 -9.81579 
TRIAL_y: 10 -1.60419e-06 -10 -10 10 -1.60419e-06 -10 10 -1.60419e-06 
