version: 2.0.0
params: 94.4389 186.399 0.401952 0.403888 -108.58 
accuracy: 2.4226
noise_level: 1.44259e-315
UTC: 1715878600702
