version: 2.0.0
params: 305.178 199.052 0.364844 0.357211 106.844 
accuracy: 1.99087
noise_level: 3.42326e-310
UTC: 1715878600702
