OS_x: 76.4745 127.371 88.6568 113.747 64.0848 106.897 103.285 93.4645 82.2332 
OS_y: 184.448 168.892 163.929 190.04 207.967 165.265 212.248 185.059 210.341 
TRIAL_x: -1.57464e-06 -9.81579 -9.81579 -1.57464e-06 9.81579 -9.81579 9.81579 -1.57464e-06 9.81579 
TRIAL_y: 10 -10 10 -10 10 -1.60419e-06 -10 -1.60419e-06 -1.60419e-06 
