version: 2.0.0
params: 85.9944 184.717 0.431655 0.417429 -108.202 
accuracy: 2.39228
noise_level: 2.17282e-315
UTC: 1715878753644
