OS_x: 59.2323 106.136 73.5484 89.6271 66.3948 98.2558 117.222 83.3026 79.0645 
OS_y: 203.036 188.614 206.541 211.667 181.261 162.624 166.427 183.792 162.052 
TRIAL_x: 9.81579 -1.57464e-06 9.81579 9.81579 -1.57464e-06 -9.81579 -9.81579 -1.57464e-06 -9.81579 
TRIAL_y: 10 -10 -1.60419e-06 -10 10 -1.60419e-06 -10 -1.60419e-06 10 
