version: 2.0.0
params: 306.646 199.805 0.385317 0.359601 103.605 
accuracy: 2.1854
noise_level: 3.42417e-310
UTC: 1715878753644
