OS_x: 99.7519 55.9287 104.38 112.565 124.52 150.427 125.503 137.636 88.5329 
OS_y: 201.689 148.103 147.227 174.499 204.834 153.697 148.091 176.975 170.592 
TRIAL_x: 9.81579 9.81579 -9.81579 -1.57464e-06 9.81579 -9.81579 -9.81579 -1.57464e-06 -1.57464e-06 
TRIAL_y: -1.60419e-06 10 10 -1.60419e-06 -10 -10 -1.60419e-06 -10 10 
