version: 2.0.0
params: 112.565 174.498 0.325363 0.336371 -114.254 
accuracy: 3.41024
noise_level: 1.51695e-315
UTC: 1713194509017
