version: 2.0.0
params: 291.535 189.349 0.336437 0.318383 105.473 
accuracy: 1.96381
noise_level: 3.42326e-310
UTC: 1713194509017
