UTC: 1713194509017
InitLatency: 0.152497
InitAccel: 216.332
DIR_noise: 12.5675
SS_gain: 0.641406
SS_sacc_amp: 5.03038
SS_prop_smooth: 0.40736
SPD_reponsiveness: 1.575
SPD_noise: 3.10099
nFit: 1.05063
