version: 2.0.0
params: 171.587 213.937 0.539717 0.466742 -102.776 
accuracy: 2.37115
noise_level: 6.59212e-310
UTC: 1708050251576
