OS_x: 149.435 179.562 166.265 164.793 196.757 189.109 170.07 171.835 153.908 
OS_y: 233.013 236.637 233.967 190.718 196.365 216.724 210.691 212.469 209.954 
TRIAL_x: 9.81579 9.81579 9.81579 -9.81579 -9.81579 -1.57464e-06 -9.81579 -1.57464e-06 -1.57464e-06 
TRIAL_y: 10 -10 -1.60419e-06 10 -10 -10 -1.60419e-06 -1.60419e-06 10 
