version: 2.0.0
params: 243.543 192.303 0.587734 0.471701 102.008 
accuracy: 2.66574
noise_level: -4.27706e+211
UTC: 1708050251576
