version: 2.0.0
params: 215.423 211.303 0.323178 0.299422 104.288 
accuracy: 1.54027
noise_level: 3.4296e-310
UTC: 1717514557029
