OS_x: 207.954 178.904 188.264 145.235 160.259 135.166 157.646 181.602 197.747 
OS_y: 162.235 177.764 217.9 178.288 211.441 208.094 155.385 155.94 186.756 
TRIAL_x: -9.81579 -1.57464e-06 9.81579 -1.57464e-06 9.81579 9.81579 -9.81579 -9.81579 -1.57464e-06 
TRIAL_y: -10 -1.60419e-06 -10 10 -1.60419e-06 10 10 -1.60419e-06 -10 
