version: 2.0.0
params: 172.483 183.635 0.343092 0.336801 -104.406 
accuracy: 1.52671
noise_level: 2.12456e-315
UTC: 1717514557029
