version: 2.0.0
params: 274.978 198.825 0.357273 0.343094 105.455 
accuracy: 1.84468
noise_level: -2.40671e-107
UTC: 1725035151073
