version: 2.0.0
params: 117.525 177.539 0.353875 0.36119 -106.789 
accuracy: 2.00216
noise_level: 6.24887e-310
UTC: 1725035151073
