OS_x: 106.539 129.505 129.887 82.0703 140.918 153.95 103.362 117.375 92.5942 
OS_y: 152.087 209.638 153.657 201.777 180.121 157.204 203.235 173.838 172.739 
TRIAL_x: -9.81579 9.81579 -9.81579 9.81579 -1.57464e-06 -9.81579 9.81579 -1.57464e-06 -1.57464e-06 
TRIAL_y: 10 -10 -1.60419e-06 10 -10 -10 -1.60419e-06 -1.60419e-06 10 
