version: 2.0.0
params: 267.087 213.374 0.399092 0.376949 102.022 
accuracy: 2.58353
noise_level: 3.42326e-310
UTC: 1717172623788
