version: 2.0.0
params: 74.7042 181.844 0.457462 0.384574 -105.505 
accuracy: 3.31371
noise_level: 1.44111e-315
UTC: 1717172623788
