OS_x: 46.0813 60.2242 90.2194 94.9903 57.4161 86.9019 72.5629 88.0981 76.4406 
OS_y: 204.218 207.001 160.874 186.015 179.251 211.348 158.384 154.146 180.798 
TRIAL_x: 9.81579 9.81579 -9.81579 -1.57464e-06 -1.57464e-06 9.81579 -9.81579 -9.81579 -1.57464e-06 
TRIAL_y: 10 -1.60419e-06 -1.60419e-06 -10 10 -10 10 -10 -1.60419e-06 
