version: 2.0.0
params: 80.319 170.387 0.414234 0.404704 -111.166 
accuracy: 2.84144
noise_level: 2.20592e-315
UTC: 1725466224669
