OS_x: 92.3439 113.807 73.801 89.861 65.7135 51.1261 79.08 96.3855 67.2255 
OS_y: 149.337 152.265 150.455 198.337 194.906 192.957 168.318 174.42 166.093 
TRIAL_x: -9.81579 -9.81579 -9.81579 9.81579 9.81579 9.81579 -1.57464e-06 -1.57464e-06 -1.57464e-06 
TRIAL_y: -1.60419e-06 -10 10 -10 -1.60419e-06 10 -1.60419e-06 -10 10 
