version: 2.0.0
params: 311.166 199.213 0.396931 0.387263 106.547 
accuracy: 3.23851
noise_level: 3.42326e-310
UTC: 1725466224669
