version: 2.0.0
params: 283.323 200.591 0.409983 0.363133 108.23 
accuracy: 2.14441
noise_level: 6.28589e-310
UTC: 1729625912490
