OS_x: 149.622 89.9958 154.913 101.815 116.718 113.412 126.011 139.518 137.151 
OS_y: 177.159 198.766 158.616 171.423 148.013 200.128 172.653 149.813 196.831 
TRIAL_x: -1.57464e-06 9.81579 -9.81579 -1.57464e-06 -9.81579 9.81579 -1.57464e-06 -9.81579 9.81579 
TRIAL_y: -10 10 -10 10 10 -1.60419e-06 -1.60419e-06 -1.60419e-06 -10 
