version: 2.0.0
params: 124.832 174.94 0.402792 0.409851 -105.585 
accuracy: 2.22547
noise_level: 0
UTC: 1729625912490
