version: 2.0.0
params: 129.125 173.002 0.368857 0.369967 -107.799 
accuracy: 1.7282
noise_level: 2.75021e-315
UTC: 1722617872864
