version: 2.0.0
params: 290.43 199.608 0.363959 0.348797 107.001 
accuracy: 1.84928
noise_level: 3.42326e-310
UTC: 1722617872864
