OS_x: 142.594 141.78 152.586 106.042 128.773 121.488 118.466 164.617 96.021 
OS_y: 203.859 148.798 178.226 170.096 172.5 146.617 198.798 154.225 197.285 
TRIAL_x: 9.81579 -9.81579 -1.57464e-06 -1.57464e-06 -1.57464e-06 -9.81579 9.81579 -9.81579 9.81579 
TRIAL_y: -10 -1.60419e-06 -10 10 -1.60419e-06 10 -1.60419e-06 -10 10 
