version: 2.0.0
params: 290.085 200.071 0.44177 0.443626 105.505 
accuracy: 2.49582
noise_level: 3.42326e-310
UTC: 1718638885595
