OS_x: 117.285 116.075 94.651 126.961 74.6068 92.7326 87.2258 105.721 123.181 
OS_y: 222.999 175.903 175.584 190.451 214.571 217.656 188.291 191.682 196.173 
TRIAL_x: 9.81579 -9.81579 -9.81579 -9.81579 9.81579 9.81579 -1.57464e-06 -1.57464e-06 -1.57464e-06 
TRIAL_y: -10 -1.60419e-06 10 -10 10 -1.60419e-06 10 -1.60419e-06 -10 
