version: 2.0.0
params: 105.275 196.4 0.473315 0.481498 -111.598 
accuracy: 2.27723
noise_level: 2.15783e-315
UTC: 1718638885595
