version: 2.0.0
params: 272.427 186.125 0.32596 0.307623 106.501 
accuracy: 1.99556
noise_level: 6.66912e-310
UTC: 1730391114178
