OS_x: 159.285 123.151 172.344 147.425 107.838 95.9661 134.074 120.61 149.409 
OS_y: 166.97 137.192 142.997 137.389 161.513 191.495 163.1 192.994 197.428 
TRIAL_x: -1.57464e-06 -9.81579 -9.81579 -9.81579 -1.57464e-06 9.81579 -1.57464e-06 9.81579 9.81579 
TRIAL_y: -10 10 -10 -1.60419e-06 10 10 -1.60419e-06 -1.60419e-06 -10 
