version: 2.0.0
params: 134.191 163.974 0.325049 0.331377 -105.575 
accuracy: 1.8785
noise_level: 0
UTC: 1730391114178
