version: 2.0.0
params: 124.331 172.248 0.349675 0.348035 -106.856 
accuracy: 2.05619
noise_level: 1.38199e-315
UTC: 1726500323114
