version: 2.0.0
params: 283.585 190.502 0.337212 0.315007 106.783 
accuracy: 2.25469
noise_level: 3.42326e-310
UTC: 1726500323114
