OS_x: 89.2984 102.63 123.345 137.121 149.376 137.317 110.873 115.325 160.899 
OS_y: 197.869 169.674 171.146 204.799 175.082 147.647 199.675 145.914 151.993 
TRIAL_x: 9.81579 -1.57464e-06 -1.57464e-06 9.81579 -1.57464e-06 -9.81579 9.81579 -9.81579 -9.81579 
TRIAL_y: 10 10 -1.60419e-06 -10 -10 -1.60419e-06 -1.60419e-06 10 -10 
