version: 2.0.0
params: 295.25 206.976 0.459159 0.402133 107.954 
accuracy: 2.10086
noise_level: 6.7616e-310
UTC: 1733775032400
