OS_x: 103.779 118.432 84.4526 92.9835 72.92 140.009 99.4606 116.539 128.005 
OS_y: 177.678 156.993 176.251 203.816 201.752 161.097 160.959 207.638 182.206 
TRIAL_x: -1.57464e-06 -9.81579 -1.57464e-06 9.81579 9.81579 -9.81579 -9.81579 9.81579 -1.57464e-06 
TRIAL_y: -1.60419e-06 -1.60419e-06 10 -1.60419e-06 10 -10 10 -10 -10 
