version: 2.0.0
params: 105.377 179.349 0.370844 0.387453 -106.751 
accuracy: 2.34924
noise_level: 0
UTC: 1733775032400
