version: 2.0.0
params: 131.757 190.309 0.434356 0.429671 -109.691 
accuracy: 1.40619
noise_level: 0
UTC: 1723221809602
