OS_x: 142.572 161.048 131.005 155.373 123.106 110.602 101.227 143.868 121.997 
OS_y: 167.895 176.642 188.172 193.02 162.531 185.677 210.328 217.641 212.532 
TRIAL_x: -9.81579 -9.81579 -1.57464e-06 -1.57464e-06 -9.81579 -1.57464e-06 9.81579 9.81579 9.81579 
TRIAL_y: -1.60419e-06 -10 -1.60419e-06 -10 10 10 10 -10 -1.60419e-06 
