version: 2.0.0
params: 289.833 201.95 0.397707 0.386568 105.13 
accuracy: 2.96949
noise_level: 6.11821e-310
UTC: 1723221809602
