version: 2.0.0
params: 57.8147 168.182 0.382631 0.387545 -110.468 
accuracy: 2.836
noise_level: 6.3998e-310
UTC: 1710947936193
