OS_x: 42.9029 66.1119 57.5158 75.4639 40.1748 56.4616 72.3819 26.4858 92.0974 
OS_y: 193.273 196.085 167.663 171.155 165.701 146.938 147.525 190.8 151.7 
TRIAL_x: 9.81579 9.81579 -1.57464e-06 -1.57464e-06 -1.57464e-06 -9.81579 -9.81579 9.81579 -9.81579 
TRIAL_y: -1.60419e-06 -10 -1.60419e-06 -10 10 10 -1.60419e-06 10 -10 
