version: 2.0.0
params: 348.639 186.175 0.439184 0.407666 114.126 
accuracy: 3.47669
noise_level: -1.68521e+190
UTC: 1710947936193
