version: 2.0.0
params: 89.346 173.544 0.39128 0.407188 -112.295 
accuracy: 2.40929
noise_level: 6.3747e-310
UTC: 1713278090307
