OS_x: 103.795 111.373 89.2574 69.799 75.5652 99.8906 122.51 53.96 85.2119 
OS_y: 148.249 173.055 170.712 169.6 197.854 201.623 160.556 195.515 148.708 
TRIAL_x: -9.81579 -1.57464e-06 -1.57464e-06 -1.57464e-06 9.81579 9.81579 -9.81579 9.81579 -9.81579 
TRIAL_y: -1.60419e-06 -10 -1.60419e-06 10 -1.60419e-06 -10 -10 10 10 
