version: 2.0.0
params: 318.999 188.061 0.402507 0.38374 108.075 
accuracy: 3.0726
noise_level: -4.81533e-170
UTC: 1713278090307
