version: 2.0.0
params: 133.617 189.004 0.371222 0.372905 -106.847 
accuracy: 1.88031
noise_level: 0
UTC: 1730301794403
