version: 2.0.0
params: 303.975 190.603 0.359704 0.337624 107.605 
accuracy: 2.33491
noise_level: 6.66866e-310
UTC: 1730301794403
