OS_x: 146.278 99.7797 125.028 112.238 123.029 156.41 146.112 167.387 133.048 
OS_y: 218.852 213.215 164.572 186.295 214.83 192.245 165.876 171.14 187.898 
TRIAL_x: 9.81579 9.81579 -9.81579 -1.57464e-06 9.81579 -1.57464e-06 -9.81579 -9.81579 -1.57464e-06 
TRIAL_y: -10 10 10 10 -1.60419e-06 -10 -1.60419e-06 -10 -1.60419e-06 
