OS_x: 92.6181 108.609 100.842 126.86 75.911 62.799 142.255 68.251 113.682 
OS_y: 135.27 136.266 160.643 165.379 159.318 189.042 141.951 146.947 194.26 
TRIAL_x: -9.81579 -9.81579 -1.57464e-06 -1.57464e-06 -1.57464e-06 9.81579 -9.81579 9.81579 9.81579 
TRIAL_y: 10 -1.60419e-06 -1.60419e-06 -10 10 10 -10 -1.60419e-06 -10 
