version: 2.0.0
params: 100.725 161.726 0.32525 0.358514 -106.071 
accuracy: 3.656
noise_level: 0
UTC: 1730909612716
