version: 2.0.0
params: 286.858 182.967 0.330885 0.329558 104.737 
accuracy: 2.20211
noise_level: 6.62088e-310
UTC: 1730909612716
