OS_x: 46.2606 36.8416 62.6981 31.021 44.2868 22.6961 75.3513 58.7197 53.6994 
OS_y: 193.738 211.63 196.999 192.655 175.381 211.916 179.57 176.385 207.47 
TRIAL_x: -1.57464e-06 9.81579 -1.57464e-06 -1.57464e-06 -9.81579 9.81579 -9.81579 -9.81579 9.81579 
TRIAL_y: -1.60419e-06 -1.60419e-06 -10 10 10 10 -10 -1.60419e-06 -10 
