version: 2.0.0
params: 47.2436 193.82 0.465201 0.510482 -107.316 
accuracy: 2.92581
noise_level: 6.70646e-310
UTC: 1709659604505
