version: 2.0.0
params: 364.231 201.975 0.477948 0.544472 117.762 
accuracy: 6.71002
noise_level: -5.6834e-190
UTC: 1709659604505
