OS_x: 87.7358 110.735 78.5261 134.371 114.191 121.058 63.0848 96.86 86.741 
OS_y: 142.742 143.405 163.038 147.979 184.754 169.905 189.151 166.011 186.523 
TRIAL_x: -9.81579 -9.81579 -1.57464e-06 -9.81579 9.81579 -1.57464e-06 9.81579 -1.57464e-06 9.81579 
TRIAL_y: 10 -1.60419e-06 10 -10 -10 -10 10 -1.60419e-06 -1.60419e-06 
