version: 2.0.0
params: 98.4334 165.506 0.358527 0.433601 -105.546 
accuracy: 2.23932
noise_level: 0
UTC: 1729626170695
