version: 2.0.0
params: 315.262 196.72 0.391156 0.384869 112.034 
accuracy: 2.1055
noise_level: 6.28589e-310
UTC: 1729626170695
