version: 2.0.0
params: 285.392 208.616 0.400608 0.375704 106.608 
accuracy: 2.105
noise_level: 3.43413e-310
UTC: 1725379964013
