version: 2.0.0
params: 119.556 191.709 0.405064 0.398223 -106.884 
accuracy: 1.97308
noise_level: 2.27764e-315
UTC: 1725379964013
