OS_x: 108.4 131.894 140.464 99.1148 112.636 118.703 130.454 151.312 89.0019 
OS_y: 216.192 170.389 195.135 188.449 168.636 190.187 219.32 173.794 212.022 
TRIAL_x: 9.81579 -9.81579 -1.57464e-06 -1.57464e-06 -9.81579 -1.57464e-06 9.81579 -9.81579 9.81579 
TRIAL_y: -1.60419e-06 -1.60419e-06 -10 10 10 -1.60419e-06 -10 -10 10 
