UTC: 1725379964013
InitLatency: 0.155914
InitAccel: 199.859
DIR_noise: 17.9575
SS_gain: 0.606186
SS_sacc_amp: 5.65124
SS_prop_smooth: 0.256182
SPD_reponsiveness: 1.3
SPD_noise: 2.77101
nFit: 0.0713348
