version: 2.0.0
params: 266.99 205.972 0.421258 0.38289 107.274 
accuracy: 2.12996
noise_level: -1.16752e-160
UTC: 1708708200281
