version: 2.0.0
params: 109.506 189.815 0.40889 0.395001 -108.558 
accuracy: 2.3825
noise_level: 6.72145e-310
UTC: 1708708200281
