OS_x: 108.389 120.7 96.4674 121.025 142.767 79.1187 120.498 89.5013 101.975 
OS_y: 187.342 167.13 214.785 191.446 170.149 208.535 217.209 185.565 165.799 
TRIAL_x: -1.57464e-06 -9.81579 9.81579 -1.57464e-06 -9.81579 9.81579 9.81579 -1.57464e-06 -9.81579 
TRIAL_y: -1.60419e-06 -1.60419e-06 -1.60419e-06 -10 -10 10 -10 10 10 
