version: 2.0.0
params: 270.306 210.44 0.502837 0.451061 104.853 
accuracy: 1.51118
noise_level: 3.42326e-310
UTC: 1716224678616
