version: 2.0.0
params: 78.4774 191.531 0.404579 0.407638 -109.543 
accuracy: 2.62499
noise_level: 2.45921e-315
UTC: 1716224678616
