OS_x: 85.0584 111.305 77.9019 59.6561 94.659 48.2174 91.651 74.2471 67.279 
OS_y: 211.822 174.617 190.893 187.957 195.413 212.709 171.188 167.42 215.008 
TRIAL_x: 9.81579 -9.81579 -1.57464e-06 -1.57464e-06 -1.57464e-06 9.81579 -9.81579 -9.81579 9.81579 
TRIAL_y: -10 -10 -1.60419e-06 10 -10 10 -1.60419e-06 10 -1.60419e-06 
