version: 2.0.0
params: 345.534 175.797 0.403968 0.39551 107.278 
accuracy: 3.32737
noise_level: -1.38796e+107
UTC: 1710863524417
