version: 2.0.0
params: 42.6081 185.341 0.39083 0.391229 -106.99 
accuracy: 3.51699
noise_level: 6.83572e-310
UTC: 1710863524417
