OS_x: 23.86 28.9471 64.4226 79.6629 41.7703 12.9316 36.3703 40.4723 51.2465 
OS_y: 181.366 209.847 187.838 166.565 183.248 205.353 184.179 160.235 211.887 
TRIAL_x: -1.57464e-06 9.81579 -1.57464e-06 -9.81579 -1.57464e-06 9.81579 -9.81579 -9.81579 9.81579 
TRIAL_y: 10 -1.60419e-06 -10 -10 -1.60419e-06 10 -1.60419e-06 10 -10 
