version: 2.0.0
params: 134.526 177.115 0.354893 0.345238 -106.401 
accuracy: 1.57921
noise_level: 6.39617e-310
UTC: 1716476222201
