version: 2.0.0
params: 254.866 197.74 0.347652 0.321799 106.815 
accuracy: 4.03074
noise_level: 4.28296e+113
UTC: 1716476222201
