OS_x: 99.7768 160.525 122.955 133.486 147.142 148.105 170.839 110.325 123.269 
OS_y: 201.878 181.834 149.288 175.807 151.399 210.969 155.867 172.554 204.525 
TRIAL_x: 9.81579 -1.57464e-06 -9.81579 -1.57464e-06 -9.81579 9.81579 -9.81579 -1.57464e-06 9.81579 
TRIAL_y: 10 -10 10 -1.60419e-06 -1.60419e-06 -10 -10 10 -1.60419e-06 
