version: 2.0.0
params: 308.861 205.749 0.419179 0.407018 109.677 
accuracy: 2.1851
noise_level: -5.16985e+235
UTC: 1715879477644
