OS_x: 52.2994 65.4023 68.7535 77.3297 90.8148 37.6171 81.7371 61.0513 99.4439 
OS_y: 180.913 160.158 181.157 208.645 180.574 203.86 161.738 198.916 164.913 
TRIAL_x: -1.57464e-06 -9.81579 -1.57464e-06 9.81579 -1.57464e-06 9.81579 -9.81579 9.81579 -9.81579 
TRIAL_y: 10 10 -1.60419e-06 -10 -10 10 -1.60419e-06 -1.60419e-06 -10 
