version: 2.0.0
params: 69.2114 181.016 0.406611 0.427589 -105.511 
accuracy: 2.65816
noise_level: 6.14987e-310
UTC: 1715879477644
