version: 2.0.0
params: 96.1594 178.191 0.423201 0.468623 -108.254 
accuracy: 2.61585
noise_level: 0
UTC: 1732897938840
