version: 2.0.0
params: 306.124 206.965 0.439412 0.429277 107.64 
accuracy: 2.51037
noise_level: 6.23416e-310
UTC: 1732897938840
