OS_x: 116.012 89.5513 75.1797 104.98 95.4813 129.769 64.1055 90.1877 105.43 
OS_y: 182.106 155.783 176.165 205.636 177.128 160.43 199.469 187.84 161.375 
TRIAL_x: -1.57464e-06 -9.81579 -1.57464e-06 9.81579 -1.57464e-06 -9.81579 9.81579 9.81579 -9.81579 
TRIAL_y: -10 10 10 -10 -1.60419e-06 -10 10 -1.60419e-06 -1.60419e-06 
