OS_x: 49.2565 62.0142 84.1558 48.79 30.501 58.8658 75.8758 96.4529 77.3274 
OS_y: 178.892 178.516 182.896 203.68 201.223 155.814 156.924 160.899 198.688 
TRIAL_x: -1.57464e-06 -1.57464e-06 -1.57464e-06 9.81579 9.81579 -9.81579 -9.81579 -9.81579 9.81579 
TRIAL_y: 10 -1.60419e-06 -10 -1.60419e-06 10 10 -1.60419e-06 -10 -10 
