version: 2.0.0
params: 63.1599 178.794 0.366955 0.390399 -104.846 
accuracy: 2.77911
noise_level: 6.46443e-310
UTC: 1715622232809
