version: 2.0.0
params: 326.506 196.333 0.434719 0.400867 115.385 
accuracy: 3.22569
noise_level: 7.08419e-288
UTC: 1715622232809
