OS_x: 99.6542 113.412 132.966 69.0555 88.4777 121.376 80.9829 111.799 94.5206 
OS_y: 186.666 166.318 170.206 208.842 211.293 190.007 184.322 211.143 164.775 
TRIAL_x: -1.57464e-06 -9.81579 -9.81579 9.81579 9.81579 -1.57464e-06 -1.57464e-06 9.81579 -9.81579 
TRIAL_y: -1.60419e-06 -1.60419e-06 -10 10 -1.60419e-06 -10 10 -10 10 
