version: 2.0.0
params: 302.971 209.819 0.432447 0.415489 107.443 
accuracy: 2.06914
noise_level: 3.42326e-310
UTC: 1722873743849
