version: 2.0.0
params: 100.493 187.173 0.388888 0.409275 -106.417 
accuracy: 2.24703
noise_level: 1.33201e-315
UTC: 1722873743849
