OS_x: 180.157 140.653 150.859 154.151 128.529 104.311 129.682 167.14 124.036 
OS_y: 143.564 162.381 190.184 141.073 137.299 189.002 192.196 167.98 163.048 
TRIAL_x: -9.81579 -1.57464e-06 9.81579 -9.81579 -9.81579 9.81579 9.81579 -1.57464e-06 -1.57464e-06 
TRIAL_y: -10 -1.60419e-06 -10 -1.60419e-06 10 10 -1.60419e-06 -10 10 
