version: 2.0.0
params: 141.814 164.502 0.333897 0.357058 -105.799 
accuracy: 2.30269
noise_level: 6.25178e-310
UTC: 1716997233879
