version: 2.0.0
params: 284.324 209.836 0.371247 0.330998 106.494 
accuracy: 2.1792
noise_level: 12934
UTC: 1716997233879
