version: 2.0.0
params: 119.163 177.846 0.353623 0.357918 -106.721 
accuracy: 1.93999
noise_level: 0
UTC: 1733848514968
