version: 2.0.0
params: 265.584 205.986 0.372655 0.351099 104.459 
accuracy: 1.84759
noise_level: 6.09753e-310
UTC: 1733848514968
