OS_x: 132.917 96.2274 154.747 118.475 143.737 109.533 105.753 130.958 84.4523 
OS_y: 153.812 175.14 158.892 176.649 181.758 151.869 204.768 209.067 201.831 
TRIAL_x: -9.81579 -1.57464e-06 -9.81579 -1.57464e-06 -1.57464e-06 -9.81579 9.81579 9.81579 9.81579 
TRIAL_y: -1.60419e-06 10 -10 -1.60419e-06 -10 10 -1.60419e-06 -10 10 
