version: 2.0.0
params: 104.285 187.817 0.391349 0.390198 -107.521 
accuracy: 1.9821
noise_level: 0
UTC: 1729791625934
