OS_x: 92.3839 115.161 72.2729 84.8026 98.1594 126.057 115.651 103.829 136.679 
OS_y: 212.933 216.497 208.814 184.376 165.039 190.418 165.873 187.179 170.739 
TRIAL_x: 9.81579 9.81579 9.81579 -1.57464e-06 -9.81579 -1.57464e-06 -9.81579 -1.57464e-06 -9.81579 
TRIAL_y: -1.60419e-06 -10 10 10 10 -10 -1.60419e-06 -1.60419e-06 -10 
