version: 2.0.0
params: 291.017 208.088 0.417346 0.385101 106.459 
accuracy: 2.1955
noise_level: 6.2092e-310
UTC: 1729791625934
