OS_x: 143.422 143.704 98.891 119.826 153.982 130.436 165.115 121.544 109.47 
OS_y: 162.783 214.822 207.799 211.23 188.747 183.717 165.867 161.381 182.819 
TRIAL_x: -9.81579 9.81579 9.81579 9.81579 -1.57464e-06 -1.57464e-06 -9.81579 -9.81579 -1.57464e-06 
TRIAL_y: -1.60419e-06 -10 10 -1.60419e-06 -10 -1.60419e-06 -10 10 10 
