version: 2.0.0
params: 131.318 185.618 0.380477 0.378171 -105.804 
accuracy: 1.90137
noise_level: 2.02369e-320
UTC: 1723050902254
