version: 2.0.0
params: 291.301 197.084 0.374321 0.34896 106.655 
accuracy: 2.08836
noise_level: -nan
UTC: 1723050902254
