version: 2.0.0
params: 364.845 195.742 -0.181782 0.235291 171.303 
accuracy: 8.56618
noise_level: 2.44591e+301
UTC: 1709659748663
