UTC: 1709659748663
InitLatency: 0.177007
InitAccel: 246.124
DIR_noise: 19.877
SS_gain: 0.801538
SS_sacc_amp: 5.25955
SS_prop_smooth: 0
SPD_reponsiveness: 1.875
SPD_noise: 4.10637
nFit: -0.0347213
