version: 2.0.0
params: 42.5184 192.585 0.592774 0.544958 -113.674 
accuracy: 4.19498
noise_level: 6.70648e-310
UTC: 1709659748663
