OS_x: 33.3468 41.0739 49.4532 29.0268 57.429 42.5184 59.0542 55.2755 17.6636 
OS_y: 184.359 175.888 216.142 191.149 183.635 192.585 196.821 178.234 210.027 
TRIAL_x: 9.81579 -9.81579 9.81579 -1.57464e-06 -9.81579 -1.57464e-06 -1.57464e-06 -9.81579 9.81579 
TRIAL_y: -1.60419e-06 10 -10 10 -10 -1.60419e-06 -10 -1.60419e-06 10 
