version: 2.0.0
params: 360.435 185.09 0.189786 0.390414 117.413 
accuracy: 6.83566
noise_level: 4.06191e-112
UTC: 1710520432844
