version: 2.0.0
params: 39.178 181.701 0.480374 0.451716 -110.677 
accuracy: 3.28282
noise_level: 6.77425e-310
UTC: 1710520432844
