OS_x: 12.5374 43.3335 36.69 55.5487 34.2774 28.651 66.9236 49.209 24.0255 
OS_y: 203.252 208.767 181.336 185.132 162.549 184.757 167.329 162.787 178.557 
TRIAL_x: 9.81579 9.81579 -1.57464e-06 -1.57464e-06 -9.81579 9.81579 -9.81579 -9.81579 -1.57464e-06 
TRIAL_y: 10 -10 -1.60419e-06 -10 10 -1.60419e-06 -10 -1.60419e-06 10 
