OS_x: 23.5729 60.6032 40.3648 55.8429 31.8329 47.3381 73.3681 22.8303 38.689 
OS_y: 196.087 184.767 160.388 161.789 200.051 207.325 165.628 178.769 179.282 
TRIAL_x: 9.81579 -1.57464e-06 -9.81579 -9.81579 9.81579 9.81579 -9.81579 -1.57464e-06 -1.57464e-06 
TRIAL_y: 10 -10 10 -1.60419e-06 -1.60419e-06 -10 -10 10 -1.60419e-06 
