version: 2.0.0
params: 371.754 186.055 0.427858 0.412046 113.125 
accuracy: 3.48808
noise_level: 1.17419e-120
UTC: 1711639985818
