version: 2.0.0
params: 41.7085 180.45 0.434628 0.463076 -113.858 
accuracy: 2.79444
noise_level: 6.09091e-310
UTC: 1711639985818
