OS_x: 35.9645 49.691 83.9848 56.7532 91.4413 105.726 68.0784 64.3245 79.8674 
OS_y: 196.847 171.192 151.779 199.433 177.611 155.837 173.405 153.692 202.74 
TRIAL_x: 9.81579 -1.57464e-06 -9.81579 9.81579 -1.57464e-06 -9.81579 -1.57464e-06 -9.81579 9.81579 
TRIAL_y: 10 10 -1.60419e-06 -1.60419e-06 -10 -10 -1.60419e-06 10 -10 
