version: 2.0.0
params: 69.2937 174.346 0.36205 0.38043 -108.344 
accuracy: 2.44596
noise_level: 6.34269e-310
UTC: 1712866378923
