version: 2.0.0
params: 319.694 196.122 0.424798 0.40769 109.909 
accuracy: 2.57674
noise_level: -1.26792e-304
UTC: 1712866378923
