version: 2.0.0
params: 277.986 194.673 0.333696 0.331304 101.541 
accuracy: 2.59339
noise_level: 6.86652e-310
UTC: 1728659992074
