version: 2.0.0
params: 138.453 177.375 0.300049 0.370696 -114.329 
accuracy: 3.48867
noise_level: 0
UTC: 1728659992074
