version: 2.0.0
params: 246.921 197.306 0.359152 0.351892 101.937 
accuracy: 4.24493
noise_level: 1.5569e+81
UTC: 1716308015260
