version: 2.0.0
params: 108.358 172.985 0.359695 0.352678 -106.533 
accuracy: 3.38456
noise_level: 6.69983e-310
UTC: 1716308015260
