OS_x: 72.0839 142.775 84.3997 96.5423 101.83 130.423 120.875 98.9374 118.028 
OS_y: 198.718 154.372 169.713 155.765 182.542 176.839 148.071 151.98 205.136 
TRIAL_x: 9.81579 -9.81579 -1.57464e-06 -1.57464e-06 9.81579 -1.57464e-06 -9.81579 -9.81579 9.81579 
TRIAL_y: 10 -10 10 -1.60419e-06 -1.60419e-06 -10 -1.60419e-06 10 -10 
