version: 2.0.0
params: 90.5313 174.173 0.347174 0.350827 -106.146 
accuracy: 3.87107
noise_level: 6.28146e-310
UTC: 1712761009126
