version: 2.0.0
params: 295.654 200.382 0.360089 0.35547 102.086 
accuracy: 4.11107
noise_level: 1.48905e+141
UTC: 1712761009126
