OS_x: 98.2123 126.615 55.9297 78.3123 84.8945 86.8568 101.974 68.851 90.5332 
OS_y: 162.512 154.695 196.71 199.745 149.171 154.835 204.153 170.778 171.752 
TRIAL_x: -9.81579 -9.81579 9.81579 9.81579 -9.81579 -1.57464e-06 9.81579 -1.57464e-06 -1.57464e-06 
TRIAL_y: -1.60419e-06 -10 10 -1.60419e-06 10 -10 -10 10 -1.60419e-06 
