version: 2.0.0
params: 282.451 218.006 0.469015 0.407546 107.092 
accuracy: 2.06568
noise_level: 3.42326e-310
UTC: 1724871314631
