version: 2.0.0
params: 108.152 193.809 0.401466 0.37499 -111.519 
accuracy: 2.07469
noise_level: 1.36091e-315
UTC: 1724871314631
