OS_x: 123.185 89.9652 140.293 80.5164 119.252 121.071 97.8929 90.2539 108.67 
OS_y: 199.583 152.393 179.239 216.139 223.171 175.055 217.623 192.528 193.613 
TRIAL_x: -1.57464e-06 -9.81579 -9.81579 9.81579 9.81579 -9.81579 9.81579 -1.57464e-06 -1.57464e-06 
TRIAL_y: -10 10 -10 10 -10 -1.60419e-06 -1.60419e-06 10 -1.60419e-06 
