version: 2.0.0
params: 90.3398 167.118 0.337144 0.364013 -107.842 
accuracy: 2.61475
noise_level: 0
UTC: 1729022332544
