OS_x: 128.104 69.5768 102.026 90.0464 105.699 84.0723 114.455 76.3013 54.979 
OS_y: 149.187 165.752 198.007 166.475 143.621 153.183 171.661 192.412 192.211 
TRIAL_x: -9.81579 -1.57464e-06 9.81579 -1.57464e-06 -9.81579 -9.81579 -1.57464e-06 9.81579 9.81579 
TRIAL_y: -10 10 -10 -1.60419e-06 -1.60419e-06 10 -10 -1.60419e-06 10 
