version: 2.0.0
params: 289.061 194.184 0.400154 0.370425 109.361 
accuracy: 2.23732
noise_level: 6.61229e-310
UTC: 1729022332544
