version: 2.0.0
params: 292.19 204.574 0.413632 0.385418 106.843 
accuracy: 2.0628
noise_level: 6.29735e-310
UTC: 1728574024701
