OS_x: 112.364 115.174 91.4706 96.34 135.325 81.2013 71.1858 122.947 104.151 
OS_y: 219.461 167.592 212.863 165.402 171.403 186.142 210.7 191.553 188.435 
TRIAL_x: 9.81579 -9.81579 9.81579 -9.81579 -9.81579 -1.57464e-06 9.81579 -1.57464e-06 -1.57464e-06 
TRIAL_y: -10 -1.60419e-06 -1.60419e-06 10 -10 10 10 -10 -1.60419e-06 
