version: 2.0.0
params: 103.507 189.514 0.397012 0.389428 -107.489 
accuracy: 2.05747
noise_level: 0
UTC: 1728574024701
