OS_x: 131 176.258 117.895 152.71 163.447 119.983 129.268 108.297 154.898 
OS_y: 162.166 168.791 185.247 164.895 191.307 164.993 215.795 211.123 208.483 
TRIAL_x: -9.81579 -9.81579 -1.57464e-06 -9.81579 -1.57464e-06 -1.57464e-06 9.81579 9.81579 9.81579 
TRIAL_y: 10 -10 10 -1.60419e-06 -10 -1.60419e-06 -1.60419e-06 10 -10 
