UTC: 1730735907041
INIT_latency: 0.151899
INIT_accel: 220.604
SS_gain: 0.552308
SS_sacc_amp: 7.33792
SS_prop_smooth: 0.562032
DIR_anisotropy: nan
DIR_asymmetry: nan
DIR_noise: 11.9419
SPD_responsiveness: 1.525
SPD_noise: 4.19873
nFit: 1.00471
