version: 2.0.0
params: 280.183 195.919 0.414543 0.403046 107.564 
accuracy: 1.80675
noise_level: 6.23963e-310
UTC: 1730735907041
