version: 2.0.0
params: 142.259 189.204 0.355003 0.348728 -103.936 
accuracy: 3.27123
noise_level: 0
UTC: 1730735907041
