version: 2.0.0
params: 139.323 190.313 0.37692 0.375702 -106.237 
accuracy: 1.84178
noise_level: 0
UTC: 1730216700296
