OS_x: 116.234 150.999 127.123 152.327 173.181 161.564 130.182 106.859 138.493 
OS_y: 186.951 166.634 216.1 219.96 171.329 193.457 165.364 213.527 188.652 
TRIAL_x: -1.57464e-06 -9.81579 9.81579 9.81579 -9.81579 -1.57464e-06 -9.81579 9.81579 -1.57464e-06 
TRIAL_y: 10 -1.60419e-06 -1.60419e-06 -10 -10 -10 10 10 -1.60419e-06 
