UTC: 1730216700296
INIT_latency: 0.150486
INIT_accel: 218.361
SS_gain: 0.617516
SS_sacc_amp: 6.03749
SS_prop_smooth: 0.435121
DIR_anisotropy: nan
DIR_asymmetry: nan
DIR_noise: 10.5114
SPD_responsiveness: 1.625
SPD_noise: 3.1651
nFit: 1.24861
