version: 2.0.0
params: 283.354 201.039 0.364998 0.345853 106.167 
accuracy: 2.01645
noise_level: 6.09077e-310
UTC: 1730216700296
