version: 2.0.0
params: 139.078 185.197 0.380424 0.371461 -106.296 
accuracy: 1.50118
noise_level: 0
UTC: 1732727070942
