version: 2.0.0
params: 265.703 202.113 0.362252 0.347119 104.049 
accuracy: 1.83696
noise_level: 6.44273e-310
UTC: 1732727070942
