OS_x: 113.386 106.607 151.708 127.991 137.252 174.414 149.107 162.345 126.378 
OS_y: 181.945 203.006 216.749 157.681 183.24 164.849 160.187 188.475 212.393 
TRIAL_x: -1.57464e-06 9.81579 9.81579 -9.81579 -1.57464e-06 -9.81579 -9.81579 -1.57464e-06 9.81579 
TRIAL_y: 10 10 -10 10 -1.60419e-06 -10 -1.60419e-06 -10 -1.60419e-06 
