version: 2.0.0
params: 126.255 184.069 0.360777 0.363134 -106.496 
accuracy: 1.96698
noise_level: 0
UTC: 1732118771425
