OS_x: 102.278 137.771 148.844 113.053 92.3555 138.835 117.355 125.784 161.48 
OS_y: 181.377 214.494 187.089 210.429 206.803 159.973 158.573 182.44 164.676 
TRIAL_x: -1.57464e-06 9.81579 -1.57464e-06 9.81579 9.81579 -9.81579 -9.81579 -1.57464e-06 -9.81579 
TRIAL_y: 10 -10 -10 -1.60419e-06 10 -1.60419e-06 10 -1.60419e-06 -10 
