UTC: 1732118771425
INIT_latency: 0.150908
INIT_accel: 219.225
SS_gain: 0.648487
SS_sacc_amp: 5.454
SS_prop_smooth: 0.558117
DIR_anisotropy: nan
DIR_asymmetry: nan
DIR_noise: 7.41723
SPD_responsiveness: 1.525
SPD_noise: 4.0868
nFit: 1.45038
