version: 2.0.0
params: 294.157 201.107 0.366272 0.338205 106.624 
accuracy: 1.98493
noise_level: 6.42404e-310
UTC: 1732118771425
