version: 2.0.0
params: 333.343 201.437 0.460665 0.425762 107.965 
accuracy: 2.39453
noise_level: 3.42326e-310
UTC: 1712938571112
