version: 2.0.0
params: 47.2762 181.503 0.376747 0.402132 -108.53 
accuracy: 2.71724
noise_level: 1.27643e-315
UTC: 1712938571112
