OS_x: 44.3906 34.6958 81.6794 56.5393 29.9887 62.1439 67.4152 46.2836 15.6152 
OS_y: 163.131 205.335 164.847 207.396 178.954 160.856 184.126 180.784 202.853 
TRIAL_x: -9.81579 9.81579 -9.81579 9.81579 -1.57464e-06 -9.81579 -1.57464e-06 -1.57464e-06 9.81579 
TRIAL_y: 10 -1.60419e-06 -10 -10 10 -1.60419e-06 -10 -1.60419e-06 10 
