version: 2.0.0
params: 266.96 212.702 0.416556 0.39917 103.49 
accuracy: 2.78749
noise_level: 6.42836e-168
UTC: 1716224463405
