version: 2.0.0
params: 291.359 198.911 0.373133 0.349509 106.88 
accuracy: 1.99265
noise_level: 6.26931e-310
UTC: 1729177154633
