version: 2.0.0
params: 111.072 176.238 0.364897 0.376996 -106.832 
accuracy: 2.15083
noise_level: 0
UTC: 1729177154633
