OS_x: 97.0326 76.6084 103.679 122.944 110.754 122.171 88.5145 133.348 145.967 
OS_y: 202.317 199.76 151.993 153.805 174.695 204.698 173.044 179.343 157.525 
TRIAL_x: 9.81579 9.81579 -9.81579 -9.81579 -1.57464e-06 9.81579 -1.57464e-06 -1.57464e-06 -9.81579 
TRIAL_y: -1.60419e-06 10 10 -1.60419e-06 -1.60419e-06 -10 10 -10 -10 
