version: 2.0.0
params: 40.2662 198.514 0.442797 0.486664 -105.492 
accuracy: 3.611
noise_level: 6.48286e-310
UTC: 1708617216207
