version: 2.0.0
params: 339.082 201.429 0.384026 0.444521 103.313 
accuracy: 5.65843
noise_level: 2.33622e+60
UTC: 1708617216207
