OS_x: 28.6506 37.9429 67.9503 26.1226 37.0161 49.2168 55.1006 51.4748 14.0735 
OS_y: 219.717 180.661 184.565 198.316 188.2 214.132 201.73 181.128 218.811 
TRIAL_x: 9.81579 -9.81579 -9.81579 -1.57464e-06 -1.57464e-06 9.81579 -1.57464e-06 -9.81579 9.81579 
TRIAL_y: -1.60419e-06 10 -10 10 -1.60419e-06 -10 -10 -1.60419e-06 10 
