version: 2.0.0
params: 113.576 177.914 0.362566 0.375448 -107.039 
accuracy: 2.02716
noise_level: 0
UTC: 1729176982834
