version: 2.0.0
params: 289.797 201.792 0.369881 0.354459 106.743 
accuracy: 1.94799
noise_level: 6.26931e-310
UTC: 1729176982834
