OS_x: 99.4522 104.704 124.759 78.1474 135.371 90.6616 113.801 125.242 148.635 
OS_y: 203.741 153.415 154.585 201.023 180.859 174.956 176.317 207.503 159.114 
TRIAL_x: 9.81579 -9.81579 -9.81579 9.81579 -1.57464e-06 -1.57464e-06 -1.57464e-06 9.81579 -9.81579 
TRIAL_y: -1.60419e-06 10 -1.60419e-06 10 -10 10 -1.60419e-06 -10 -10 
