version: 2.0.0
params: 179.105 175.641 0.321279 0.327163 -104.884 
accuracy: 1.31537
noise_level: 2.17652e-315
UTC: 1717427734198
