OS_x: 190.093 178.975 164.071 196.538 140.062 151.019 207.277 167.167 217.809 
OS_y: 148.102 173.825 145.382 211.203 201.215 171.412 178.656 204.982 153.252 
TRIAL_x: -9.81579 -1.57464e-06 -9.81579 9.81579 9.81579 -1.57464e-06 -1.57464e-06 9.81579 -9.81579 
TRIAL_y: -1.60419e-06 -1.60419e-06 10 -10 10 10 -10 -1.60419e-06 -10 
