version: 2.0.0
params: 248.424 197.457 0.323596 0.302355 104.543 
accuracy: 1.48435
noise_level: 3.42326e-310
UTC: 1717427734198
