OS_x: 58.2452 47.1616 61.3723 96.4374 69.4632 75.1797 82.7435 28.1803 41.4548 
OS_y: 148.767 195.584 169.784 153.291 198.296 148.487 172.769 194.354 169.499 
TRIAL_x: -9.81579 9.81579 -1.57464e-06 -9.81579 9.81579 -9.81579 -1.57464e-06 9.81579 -1.57464e-06 
TRIAL_y: 10 -1.60419e-06 -1.60419e-06 -10 -10 -1.60419e-06 -10 10 10 
