version: 2.0.0
params: 61.5392 170.194 0.35951 0.374188 -107.818 
accuracy: 2.66412
noise_level: 2.33956e-315
UTC: 1725565748053
