version: 2.0.0
params: 322.815 198.141 0.396278 0.382906 107.829 
accuracy: 2.39245
noise_level: 3.42326e-310
UTC: 1725565748053
