version: 2.0.0
params: 136.174 184.131 0.381365 0.357807 -105.9 
accuracy: 2.7258
noise_level: 0
UTC: 1732727242320
