version: 2.0.0
params: 271.594 204.035 0.461068 0.388174 104.442 
accuracy: 2.23782
noise_level: 6.44273e-310
UTC: 1732727242320
