OS_x: 169.214 102.783 127.688 154.95 136.309 138.481 149.507 126.791 114.962 
OS_y: 163.606 207.925 159.116 187.573 183.078 201.439 164.269 210.897 180.088 
TRIAL_x: -9.81579 9.81579 -9.81579 -1.57464e-06 -1.57464e-06 9.81579 -9.81579 9.81579 -1.57464e-06 
TRIAL_y: -10 10 10 -10 -1.60419e-06 -10 -1.60419e-06 -1.60419e-06 10 
