OS_x: 99.4516 77.5865 72.4381 63.0519 43.8113 85.5961 59.8681 50.3735 28.0758 
OS_y: 155.137 150.66 202.368 173.369 170.583 176.875 149.065 198.725 196.508 
TRIAL_x: -9.81579 -9.81579 9.81579 -1.57464e-06 -1.57464e-06 -1.57464e-06 -9.81579 9.81579 9.81579 
TRIAL_y: -10 -1.60419e-06 -10 -1.60419e-06 10 -10 10 -1.60419e-06 10 
