version: 2.0.0
params: 63.0519 173.369 0.357904 0.371686 -109.351 
accuracy: 2.37544
noise_level: 2.15725e-315
UTC: 1715700229472
