UTC: 1715700229472
InitLatency: 0.164458
InitAccel: 242.169
DIR_noise: 17.8286
SS_gain: 0.577494
SS_sacc_amp: 5.66039
SS_prop_smooth: 0.247831
SPD_reponsiveness: 1.725
SPD_noise: 2.81186
nFit: 0.38467
