version: 2.0.0
params: 311.144 201.17 0.388094 0.357805 107.549 
accuracy: 4.09514
noise_level: 3.42326e-310
UTC: 1715700229472
