version: 2.0.0
params: 135.701 188.734 0.406724 0.390883 -105 
accuracy: 1.82837
noise_level: 2.05638e-315
UTC: 1725989902817
