version: 2.0.0
params: 273.812 205.789 0.387376 0.377983 106.161 
accuracy: 1.86647
noise_level: 3.43141e-310
UTC: 1725989902817
