OS_x: 123.829 126.489 113.863 103.421 159.669 148.064 135.686 165.696 148.292 
OS_y: 213.853 165.432 185.365 210.928 192.314 168.788 186.48 171.099 218.516 
TRIAL_x: 9.81579 -9.81579 -1.57464e-06 9.81579 -1.57464e-06 -9.81579 -1.57464e-06 -9.81579 9.81579 
TRIAL_y: -1.60419e-06 10 10 10 -10 -1.60419e-06 -1.60419e-06 -10 -10 
