version: 2.0.0
params: 260.804 160.889 0.0623656 0.177455 112.405 
accuracy: 9.11225
noise_level: 6.39612e-310
UTC: 1731945472384
