OS_x: 121.189 132.454 186.487 154.866 116.997 132.214 119.037 158.891 173.876 
OS_y: 130.962 131.839 137.042 195.901 190.574 188.974 156.841 133.527 162.862 
TRIAL_x: -1.57464e-06 -9.81579 -9.81579 9.81579 9.81579 9.81579 -1.57464e-06 -9.81579 -1.57464e-06 
TRIAL_y: -1.60419e-06 10 -10 -10 10 -1.60419e-06 10 -1.60419e-06 -10 
