version: 2.0.0
params: 149.215 162.431 0.321948 0.308145 -101.714 
accuracy: 3.53614
noise_level: 0
UTC: 1731945472384
