OS_x: 129.2 142.715 123.114 100.011 89.5339 78.64 124.511 109.761 100.965 
OS_y: 196.584 177.661 222.465 217.902 188.461 214.108 171.313 191.463 171.433 
TRIAL_x: -1.57464e-06 -9.81579 9.81579 9.81579 -1.57464e-06 9.81579 -9.81579 -1.57464e-06 -9.81579 
TRIAL_y: -10 -10 -10 -1.60419e-06 10 10 -1.60419e-06 -1.60419e-06 10 
