version: 2.0.0
params: 264.117 214.864 0.42391 0.39119 103.511 
accuracy: 1.87164
noise_level: 3.42326e-310
UTC: 1718206438065
