version: 2.0.0
params: 110.605 193.669 0.396252 0.39967 -108.214 
accuracy: 1.83259
noise_level: 1.37754e-315
UTC: 1718206438065
