version: 2.0.0
params: 289.972 190.562 0.357225 0.349701 106.703 
accuracy: 2.1236
noise_level: 3.42326e-310
UTC: 1722267974754
