version: 2.0.0
params: 102.624 178.978 0.361512 0.380255 -109.609 
accuracy: 2.03512
noise_level: 2.42454e-315
UTC: 1722267974754
