OS_x: 117.183 94.3542 81.61 68.0355 125.914 140.325 113.721 102.495 90.5461 
OS_y: 156.014 152.387 173.198 201.527 180.915 159.15 208.399 178.954 203.729 
TRIAL_x: -9.81579 -9.81579 -1.57464e-06 9.81579 -1.57464e-06 -9.81579 9.81579 -1.57464e-06 9.81579 
TRIAL_y: -1.60419e-06 10 10 10 -10 -10 -10 -1.60419e-06 -1.60419e-06 
