version: 2.0.0
params: 283.277 203.598 0.422935 0.421999 107.462 
accuracy: 2.35321
noise_level: 3.43775e-310
UTC: 1725644514639
