version: 2.0.0
params: 113.772 184.638 0.408395 0.44298 -105.924 
accuracy: 2.23758
noise_level: 2.19826e-315
UTC: 1725644514639
