OS_x: 82.6548 108.154 94.0687 115.51 113.773 105.753 147.344 124.858 136.42 
OS_y: 207.724 161.679 182.525 169.795 184.507 203.747 167.583 214.249 188.221 
TRIAL_x: 9.81579 -9.81579 -1.57464e-06 -9.81579 -1.57464e-06 9.81579 -9.81579 9.81579 -1.57464e-06 
TRIAL_y: 10 10 10 -1.60419e-06 -1.60419e-06 -1.60419e-06 -10 -10 -10 
