version: 2.0.0
params: 144.192 209.628 0.50796 0.430791 -101.546 
accuracy: 2.40073
noise_level: 6.59206e-310
UTC: 1708050482738
