OS_x: 155.403 154.649 122.837 167.348 159.002 133.734 140.12 121.542 151.532 
OS_y: 231.686 237.38 228.359 191.95 212.343 186.811 207.064 205.125 188.069 
TRIAL_x: 9.81579 9.81579 9.81579 -9.81579 -1.57464e-06 -9.81579 -1.57464e-06 -1.57464e-06 -9.81579 
TRIAL_y: -1.60419e-06 -10 10 -10 -10 10 -1.60419e-06 10 -1.60419e-06 
