version: 2.0.0
params: 231.532 196.201 0.455424 0.4592 107.223 
accuracy: 3.42337
noise_level: -7.4563e+133
UTC: 1708050482738
