version: 2.0.0
params: 291.779 173.953 0.325621 0.327581 107.586 
accuracy: 3.17408
noise_level: 6.39612e-310
UTC: 1731945651399
