version: 2.0.0
params: 143.257 161.082 0.351427 0.366883 -107.74 
accuracy: 3.11642
noise_level: 0
UTC: 1731945651399
