OS_x: 161.623 144.272 173.302 137.454 118.959 127.487 154.868 106.926 159.651 
OS_y: 194.794 158.671 163.073 138.815 156.902 185.078 150.605 186.425 132.129 
TRIAL_x: 9.81579 -1.57464e-06 -1.57464e-06 -9.81579 -1.57464e-06 9.81579 -9.81579 9.81579 -9.81579 
TRIAL_y: -10 -1.60419e-06 -10 10 10 -1.60419e-06 -10 10 -1.60419e-06 
