version: 2.0.0
params: 45.1886 180.64 0.405386 0.426945 -107.755 
accuracy: 3.01545
noise_level: 6.09091e-310
UTC: 1711639825031
