OS_x: 51.4997 65.0448 44.9803 59.111 43.4771 27.6184 77.1087 32.0045 16.0642 
OS_y: 199.016 185.492 164.425 160.787 179.856 177.503 164.299 203.136 200.149 
TRIAL_x: 9.81579 -1.57464e-06 -9.81579 -9.81579 -1.57464e-06 -1.57464e-06 -9.81579 9.81579 9.81579 
TRIAL_y: -10 -10 10 -1.60419e-06 -1.60419e-06 10 -10 -1.60419e-06 10 
