version: 2.0.0
params: 363.625 186.164 0.385022 0.421448 117.567 
accuracy: 6.08486
noise_level: 1.2183e-46
UTC: 1711639825031
