OS_x: 109.099 98.2113 89.2187 56.7355 124.877 77.7655 68.3977 99.4161 84.3535 
OS_y: 178.505 164.291 174.839 197.555 156.387 199.883 171.874 202.362 150.056 
TRIAL_x: -1.57464e-06 -9.81579 -1.57464e-06 9.81579 -9.81579 9.81579 -1.57464e-06 9.81579 -9.81579 
TRIAL_y: -10 -1.60419e-06 -1.60419e-06 10 -10 -1.60419e-06 10 -10 10 
