version: 2.0.0
params: 304.851 202.251 0.421165 0.400678 108.039 
accuracy: 2.39753
noise_level: 3.42507e-310
UTC: 1725466055658
