version: 2.0.0
params: 89.1325 176.409 0.396384 0.408081 -108.108 
accuracy: 2.55195
noise_level: 1.47808e-315
UTC: 1725466055658
