OS_x: 41.2297 68.9145 47.7087 31.5113 80.2329 59.1316 93.4781 55.7616 62.4442 
OS_y: 174.822 159.941 201.534 198.208 180.502 176.146 160.317 153.833 187.368 
TRIAL_x: -1.57464e-06 -9.81579 9.81579 9.81579 -1.57464e-06 -1.57464e-06 -9.81579 -9.81579 9.81579 
TRIAL_y: 10 -1.60419e-06 -1.60419e-06 10 -10 -1.60419e-06 -10 10 -10 
