version: 2.0.0
params: 61.0593 178.442 0.406471 0.422697 -105.57 
accuracy: 3.10375
noise_level: 6.45868e-310
UTC: 1710428400641
