version: 2.0.0
params: 346.038 183.81 0.46251 0.447249 109.78 
accuracy: 4.63924
noise_level: -2.12489e+307
UTC: 1710428400641
