version: 2.0.0
params: 305.942 206.142 0.387596 0.394568 100.021 
accuracy: 2.96524
noise_level: 5.28024e-86
UTC: 1725565572035
