version: 2.0.0
params: 78.5823 186.873 0.363275 0.402237 -105.528 
accuracy: 4.22026
noise_level: 6.6898e-310
UTC: 1725565572035
