OS_x: 79.6235 81.7952 91.2019 45.9023 61.5223 105.178 52.0597 83.4619 75.3071 
OS_y: 162.844 184.317 166.038 206.259 207.423 165.852 180.217 175.676 209.259 
TRIAL_x: -9.81579 -1.57464e-06 -9.81579 9.81579 9.81579 -9.81579 -1.57464e-06 -1.57464e-06 9.81579 
TRIAL_y: 10 -1.60419e-06 -1.60419e-06 10 -1.60419e-06 -10 10 -10 -10 
