OS_x: 156.765 177.856 139.371 124.018 114.514 134.597 147.784 164.797 159.751 
OS_y: 169.097 171.134 213.647 186.974 213.551 167.853 189.514 193.991 220.824 
TRIAL_x: -9.81579 -9.81579 9.81579 -1.57464e-06 9.81579 -9.81579 -1.57464e-06 -1.57464e-06 9.81579 
TRIAL_y: -1.60419e-06 -10 -1.60419e-06 10 10 10 -1.60419e-06 -10 -10 
