version: 2.0.0
params: 257.295 212.648 0.385493 0.36799 108.101 
accuracy: 2.04201
noise_level: 3.42326e-310
UTC: 1718035202489
