version: 2.0.0
params: 146.308 191.099 0.418053 0.415597 -107.084 
accuracy: 1.61149
noise_level: 2.21679e-315
UTC: 1718035202489
