version: 2.0.0
params: 180.438 175.211 0.324294 0.336066 -105.99 
accuracy: 1.17083
noise_level: 1.35383e-315
UTC: 1717427570479
