OS_x: 164.323 141.979 199.258 169.864 191.26 208.045 219.138 179.994 152.898 
OS_y: 145.782 201.913 210.836 203.315 147.335 179.643 154.672 173.45 171.402 
TRIAL_x: -9.81579 9.81579 9.81579 9.81579 -9.81579 -1.57464e-06 -9.81579 -1.57464e-06 -1.57464e-06 
TRIAL_y: 10 10 -10 -1.60419e-06 -1.60419e-06 -10 -10 -1.60419e-06 10 
