version: 2.0.0
params: 245.746 196.989 0.352993 0.315228 106.547 
accuracy: 1.66512
noise_level: 3.43231e-310
UTC: 1717427570479
