version: 2.0.0
params: 271.665 190.107 0.330931 0.312617 106.86 
accuracy: 1.84687
noise_level: 6.7142e-310
UTC: 1732226202345
