version: 2.0.0
params: 180.994 182.643 0.330324 0.336341 -106.145 
accuracy: 1.59451
noise_level: 0
UTC: 1732226202345
