OS_x: 154.504 206.238 143.049 193.179 180.886 220.699 166.976 199.403 169.645 
OS_y: 179.685 185.999 209.947 155.456 180.715 160.265 155.035 218.062 210.624 
TRIAL_x: -1.57464e-06 -1.57464e-06 9.81579 -9.81579 -1.57464e-06 -9.81579 -9.81579 9.81579 9.81579 
TRIAL_y: 10 -10 10 -1.60419e-06 -1.60419e-06 -10 10 -10 -1.60419e-06 
