OS_x: 151.961 142.478 166.15 120.586 131.408 161.032 111.256 155.578 131.704 
OS_y: 172.608 190.73 195.241 187.724 166.969 171.012 215.063 223.352 216.593 
TRIAL_x: -9.81579 -1.57464e-06 -1.57464e-06 -1.57464e-06 -9.81579 -9.81579 9.81579 9.81579 9.81579 
TRIAL_y: -1.60419e-06 -1.60419e-06 -10 10 10 -10 10 -10 -1.60419e-06 
