version: 2.0.0
params: 141.397 193.667 0.449807 0.408695 -106.384 
accuracy: 1.91284
noise_level: 6.49524e-310
UTC: 1717600280282
