version: 2.0.0
params: 249.971 212.823 0.381148 0.386067 106.628 
accuracy: 2.34529
noise_level: -2.26839e+207
UTC: 1717600280282
