version: 2.0.0
params: 275.936 213.867 0.38415 0.371128 103.088 
accuracy: 2.17309
noise_level: -9.36403e-232
UTC: 1716393003362
