version: 2.0.0
params: 87.1535 174.622 0.432649 0.433887 -108.668 
accuracy: 1.64846
noise_level: 6.77601e-310
UTC: 1716393003362
