OS_x: 73.8442 116.698 94.4145 58.5284 107.777 64.7926 84.0935 96.7339 75.8229 
OS_y: 199.024 160.226 203.269 188.691 178.338 172.051 173.037 152.613 151.68 
TRIAL_x: 9.81579 -9.81579 9.81579 9.81579 -1.57464e-06 -1.57464e-06 -1.57464e-06 -9.81579 -9.81579 
TRIAL_y: -1.60419e-06 -10 -10 10 -10 10 -1.60419e-06 -1.60419e-06 10 
