version: 2.0.0
params: 278.861 190.063 0.327828 0.310712 104.461 
accuracy: 2.21322
noise_level: 7.53127e-84
UTC: 1712588572779
