version: 2.0.0
params: 118.877 177.565 0.361323 0.360202 -106.956 
accuracy: 2.00167
noise_level: 0
UTC: 1734020383887
