version: 2.0.0
params: 285.993 205.15 0.374296 0.35498 106.502 
accuracy: 2.13757
noise_level: 6.14548e-310
UTC: 1734020383887
