version: 2.0.0
params: 123.946 176.776 0.342744 0.35679 -106.031 
accuracy: 1.949
noise_level: 0
UTC: 1730476801927
