version: 2.0.0
params: 292.01 194.085 0.362506 0.338884 107.092 
accuracy: 2.07204
noise_level: 6.37398e-310
UTC: 1730476801927
