version: 2.0.0
params: 107.187 175.538 0.359346 0.378685 -105.478 
accuracy: 1.97503
noise_level: 6.64751e-310
UTC: 1714068150729
