version: 2.0.0
params: 297.785 196.569 0.368784 0.354329 106.988 
accuracy: 2.03904
noise_level: -2.85475e+80
UTC: 1714068150729
