OS_x: 72.6987 119.249 142.455 84.5874 131.817 106.251 95.2471 120.288 98.5471 
OS_y: 197.846 154.171 155.947 173.735 178.564 173.225 201.195 204.399 150.317 
TRIAL_x: 9.81579 -9.81579 -9.81579 -1.57464e-06 -1.57464e-06 -1.57464e-06 9.81579 9.81579 -9.81579 
TRIAL_y: 10 -1.60419e-06 -10 10 -10 -1.60419e-06 -1.60419e-06 -10 10 
