OS_x: 108.606 131.164 130.286 150.782 99.5997 119.008 139.973 88.7339 112.691 
OS_y: 211.585 215.774 166.398 170.78 184.951 186.762 191.383 208.471 164.192 
TRIAL_x: 9.81579 9.81579 -9.81579 -9.81579 -1.57464e-06 -1.57464e-06 -1.57464e-06 9.81579 -9.81579 
TRIAL_y: -1.60419e-06 -10 -1.60419e-06 -10 10 -1.60419e-06 -10 10 10 
