version: 2.0.0
params: 302.894 216.221 0.4228 0.393164 107.48 
accuracy: 2.22268
noise_level: 2.08529e+57
UTC: 1722530822921
