version: 2.0.0
params: 119.403 187.704 0.411011 0.407391 -107.729 
accuracy: 1.81873
noise_level: 6.15393e-310
UTC: 1722530822921
