OS_x: 102.059 64.7581 111.172 91.71 74.8735 104.047 80.7661 122.084 87.9555 
OS_y: 229.502 223.158 206.45 202.904 200.382 183.105 226.413 187.105 181.426 
TRIAL_x: 9.81579 9.81579 -1.57464e-06 -1.57464e-06 -1.57464e-06 -9.81579 9.81579 -9.81579 -9.81579 
TRIAL_y: -10 10 -10 -1.60419e-06 10 -1.60419e-06 -1.60419e-06 -10 10 
