version: 2.0.0
params: 92.4213 203.443 0.440373 0.424158 -108.295 
accuracy: 2.17801
noise_level: 0
UTC: 1728505491680
