version: 2.0.0
params: 306.133 207.446 0.448316 0.413933 107.112 
accuracy: 2.17342
noise_level: 6.58983e-310
UTC: 1728505491680
