version: 2.0.0
params: 58.3743 177.982 0.368546 0.38592 -108.332 
accuracy: 2.49699
noise_level: 0
UTC: 1715622428455
