version: 2.0.0
params: 329.436 194.311 0.407598 0.405788 106.7 
accuracy: 2.17869
noise_level: 6.46443e-310
UTC: 1715622428455
