OS_x: 43.2416 71.4194 54.1484 65.7519 37.2245 23.7319 58.5745 92.6668 78.8297 
OS_y: 203.066 156.925 155.494 205.3 175.112 200.301 176.653 161.486 181.356 
TRIAL_x: 9.81579 -9.81579 -9.81579 9.81579 -1.57464e-06 9.81579 -1.57464e-06 -9.81579 -1.57464e-06 
TRIAL_y: -1.60419e-06 -1.60419e-06 10 -10 10 10 -1.60419e-06 -10 -10 
