OS_x: 115.982 93.5252 104.94 140.713 108.743 84.0968 129.121 152.194 128.06 
OS_y: 180.394 178.48 207.749 185.108 155.482 202.795 211.668 160.818 156.427 
TRIAL_x: -1.57464e-06 -1.57464e-06 9.81579 -1.57464e-06 -9.81579 9.81579 9.81579 -9.81579 -9.81579 
TRIAL_y: -1.60419e-06 10 -1.60419e-06 -10 10 10 -10 -10 -1.60419e-06 
