version: 2.0.0
params: 280.421 198.043 0.360454 0.339367 105.821 
accuracy: 2.06806
noise_level: 3.42326e-310
UTC: 1724944259785
