version: 2.0.0
params: 116.915 181.367 0.369781 0.364345 -106.132 
accuracy: 1.77168
noise_level: 1.40348e-315
UTC: 1724944259785
