OS_x: 180.684 156.755 125.191 154.128 103.117 140.543 165.212 113.61 127.824 
OS_y: 143.966 198.409 186.35 138.576 190.616 164.238 169.448 161.532 138.115 
TRIAL_x: -9.81579 9.81579 9.81579 -9.81579 9.81579 -1.57464e-06 -1.57464e-06 -1.57464e-06 -9.81579 
TRIAL_y: -10 -10 -1.60419e-06 -1.60419e-06 10 -1.60419e-06 -10 10 10 
