version: 2.0.0
params: 140.543 164.238 0.332809 0.361816 -108.277 
accuracy: 1.82523
noise_level: 6.25178e-310
UTC: 1716997041780
