version: 2.0.0
params: 218.316 164.772 -0.0135796 0.0630314 253.979 
accuracy: 10.0244
noise_level: -4.09654e-132
UTC: 1716997041780
