version: 2.0.0
params: 142.282 179.164 0.341017 0.373704 -112.974 
accuracy: 2.09171
noise_level: 0
UTC: 1729875524210
