OS_x: 179.276 132.039 154.105 142.282 167.686 130.98 156.917 119.252 94.2564 
OS_y: 160.276 154.206 155.014 179.164 184.053 208.424 213.24 177.317 181.093 
TRIAL_x: -9.81579 -9.81579 -9.81579 -1.57464e-06 -1.57464e-06 9.81579 9.81579 -1.57464e-06 9.81579 
TRIAL_y: -10 10 -1.60419e-06 -1.60419e-06 -10 -1.60419e-06 -10 10 10 
