version: 2.0.0
params: 270.96 193.634 0.335215 0.306867 105.107 
accuracy: 2.44943
noise_level: 6.90409e-310
UTC: 1729875524210
