version: 2.0.0
params: 94.1798 175.181 0.361417 0.381727 -110.53 
accuracy: 2.34306
noise_level: 0
UTC: 1734643621946
