version: 2.0.0
params: 305.407 191.668 0.363449 0.361887 106.781 
accuracy: 2.11623
noise_level: 6.62759e-310
UTC: 1734643621946
