OS_x: 93.2152 131.752 104.689 108.181 114.185 60.4723 89.04 81.7503 73.3655 
OS_y: 173.965 157.097 205.191 152.606 177.521 198.005 151.6 199.784 171.495 
TRIAL_x: -1.57464e-06 -9.81579 9.81579 -9.81579 -1.57464e-06 9.81579 -9.81579 9.81579 -1.57464e-06 
TRIAL_y: -1.60419e-06 -10 -10 -1.60419e-06 -10 10 10 -1.60419e-06 10 
