version: 2.0.0
params: 93.3525 187.356 0.397471 0.398055 -107.769 
accuracy: 2.14648
noise_level: 2.02814e-315
UTC: 1722873898924
