version: 2.0.0
params: 304.635 206.584 0.413111 0.38096 106.953 
accuracy: 2.29952
noise_level: 3.43231e-310
UTC: 1722873898924
