OS_x: 87.6397 113.799 105.615 73.1113 62.5616 92.6613 126.202 82.5597 102.318 
OS_y: 164.548 190.573 165.659 184.629 208.084 186.373 169.615 211.411 214.095 
TRIAL_x: -9.81579 -1.57464e-06 -9.81579 -1.57464e-06 9.81579 -1.57464e-06 -9.81579 9.81579 9.81579 
TRIAL_y: 10 -10 -1.60419e-06 10 10 -1.60419e-06 -10 -1.60419e-06 -10 
