version: 2.0.0
params: 253.627 195.745 0.362945 0.363926 104.673 
accuracy: 4.09641
noise_level: 3.42326e-310
UTC: 1716476430173
