version: 2.0.0
params: 131.661 177.902 0.365336 0.371647 -105.576 
accuracy: 2.09284
noise_level: 2.48193e-315
UTC: 1716476430173
