OS_x: 145.733 145.253 168.145 129.711 121.13 97.7926 157.5 119.135 107.336 
OS_y: 208.081 165.657 155.673 175.295 149.729 198.825 180.3 203.852 172.183 
TRIAL_x: 9.81579 -9.81579 -9.81579 -1.57464e-06 -9.81579 9.81579 -1.57464e-06 9.81579 -1.57464e-06 
TRIAL_y: -10 -1.60419e-06 -10 -1.60419e-06 10 10 -10 -1.60419e-06 10 
