version: 2.0.0
params: 312.539 204.881 0.426536 0.395995 106.669 
accuracy: 2.29329
noise_level: -1.0143e-197
UTC: 1708965477522
