version: 2.0.0
params: 93.68 193.397 0.42741 0.422431 -108.395 
accuracy: 2.26651
noise_level: 6.79633e-310
UTC: 1708965477522
