OS_x: 65.8919 106.629 125.008 112.478 102.789 93.6797 74.9558 89.2065 82.9532 
OS_y: 214.16 172.66 176.135 197.067 218.296 193.397 191.099 170.478 215.842 
TRIAL_x: 9.81579 -9.81579 -9.81579 -1.57464e-06 9.81579 -1.57464e-06 -1.57464e-06 -9.81579 9.81579 
TRIAL_y: 10 -1.60419e-06 -10 -10 -10 -1.60419e-06 10 10 -1.60419e-06 
