version: 2.0.0
params: 153.38 178.374 0.546885 0.530078 -105.969 
accuracy: 1.26964
noise_level: 6.46058e-310
UTC: 1706554118040
