version: 2.0.0
params: 224.924 178.144 0.601443 0.621901 104.879 
accuracy: 1.42935
noise_level: -1.62286e-196
UTC: 1706554118040
