OS_x: 169.87 130.335 163.11 146.34 153.379 136.887 160.955 176.074 145.197 
OS_y: 181.265 193.697 200.607 196.425 177.696 175.553 161.57 165.441 159.539 
TRIAL_x: -1.57464e-06 9.81579 9.81579 9.81579 -1.57464e-06 -1.57464e-06 -9.81579 -9.81579 -9.81579 
TRIAL_y: -10 10 -10 -1.60419e-06 -1.60419e-06 10 -1.60419e-06 -10 10 
