version: 2.0.0
params: 324.52 192.448 0.35375 0.328627 103.859 
accuracy: 3.74144
noise_level: 2.99794e-287
UTC: 1711736056073
