OS_x: 85.3994 62.7555 102.695 79.6661 76.6955 51.8268 75.7842 65.8445 46.1297 
OS_y: 185.589 146.285 149.846 146.591 198.073 194.47 181.709 167.799 166.696 
TRIAL_x: 9.81579 -9.81579 -9.81579 -9.81579 9.81579 9.81579 -1.57464e-06 -1.57464e-06 -1.57464e-06 
TRIAL_y: 10 10 -10 -1.60419e-06 -10 -1.60419e-06 -10 -1.60419e-06 10 
