version: 2.0.0
params: 66.8691 169.219 0.337387 0.392095 -115.384 
accuracy: 4.63719
noise_level: 6.65151e-310
UTC: 1711736056073
