version: 2.0.0
params: 323.813 201.706 0.446474 0.421834 101.742 
accuracy: 2.5588
noise_level: 6.19208e-310
UTC: 1728512036883
