OS_x: 47.2039 91.8255 102.244 109.238 67.7481 86.3461 94.9071 117.71 73.0945 
OS_y: 210.9 168.116 162.357 187.312 181.935 182.573 209.324 166.386 206.553 
TRIAL_x: 9.81579 -9.81579 -9.81579 -1.57464e-06 -1.57464e-06 -1.57464e-06 9.81579 -9.81579 9.81579 
TRIAL_y: 10 10 -1.60419e-06 -10 10 -1.60419e-06 -10 -10 -1.60419e-06 
