version: 2.0.0
params: 85.6446 182.885 0.387161 0.393893 -106.836 
accuracy: 3.34101
noise_level: 0
UTC: 1728512036883
