version: 2.0.0
params: 269.893 186.294 0.320557 0.298496 103.288 
accuracy: 4.12747
noise_level: 6.66912e-310
UTC: 1730390945487
