OS_x: 107.742 95.0171 160.91 124.046 147.118 148.937 126.464 112.41 158.682 
OS_y: 161.289 192.799 152.861 137.829 139.091 199.589 196.241 137.523 169.24 
TRIAL_x: -1.57464e-06 9.81579 -9.81579 -9.81579 -9.81579 9.81579 9.81579 -1.57464e-06 -1.57464e-06 
TRIAL_y: 10 10 -10 10 -1.60419e-06 -10 -1.60419e-06 -1.60419e-06 -10 
