version: 2.0.0
params: 133.569 168.055 0.36861 0.335629 -105.474 
accuracy: 3.14818
noise_level: 0
UTC: 1730390945487
