OS_x: 57.0026 70.8087 107.236 115.984 85.1629 92.0058 78.3071 130.15 104.048 
OS_y: 192.437 164.394 143.717 170.964 142.277 166.21 194.086 148.149 198.627 
TRIAL_x: 9.81579 -1.57464e-06 -9.81579 -1.57464e-06 -9.81579 -1.57464e-06 9.81579 -9.81579 9.81579 
TRIAL_y: 10 10 -1.60419e-06 -10 10 -1.60419e-06 -1.60419e-06 -10 -10 
