version: 2.0.0
params: 92.5616 167.23 0.346324 0.357572 -108.443 
accuracy: 2.25376
noise_level: 0
UTC: 1729022149622
