UTC: 1729022149622
INIT_latency: 0.166814
INIT_accel: 218.912
SS_gain: 0.622526
SS_sacc_amp: 6.33533
SS_prop_smooth: 0.147531
DIR_anisotropy: nan
DIR_asymmetry: nan
DIR_noise: 20.1394
SPD_responsiveness: 1.8
SPD_noise: 4.72125
nFit: -0.18134
