version: 2.0.0
params: 288.266 195.055 0.32937 0.330408 106.658 
accuracy: 2.10587
noise_level: 6.61229e-310
UTC: 1729022149622
