UTC: 1726603258912
InitLatency: 0.163757
InitAccel: 267.277
DIR_noise: 29.3865
SS_gain: 0.784901
SS_sacc_amp: 6.04343
SS_prop_smooth: 0.1192
SPD_reponsiveness: 1.625
SPD_noise: 2.92996
nFit: 0.0175712
