version: 2.0.0
params: 276.246 191.486 0.371297 0.428196 106.609 
accuracy: 1.88168
noise_level: 3.42326e-310
UTC: 1726603258912
