version: 2.0.0
params: 104.9 176.016 0.358569 0.400948 -104.55 
accuracy: 2.07034
noise_level: 2.38131e-315
UTC: 1726603258912
