OS_x: 80.6823 104.139 139.419 91.8497 95.5287 111.562 129.237 119.248 69.4165 
OS_y: 170.937 173.543 158.143 202.721 149.851 161.324 177.671 200.068 197.373 
TRIAL_x: -1.57464e-06 -1.57464e-06 -9.81579 9.81579 -9.81579 -9.81579 -1.57464e-06 9.81579 9.81579 
TRIAL_y: 10 -1.60419e-06 -10 -1.60419e-06 10 -1.60419e-06 -10 -10 10 
