OS_x: 106.173 133.45 112.648 145.638 125.353 147.672 161.985 125.121 156.156 
OS_y: 205.077 184.479 182.884 162.721 211.094 216.937 165.195 161.923 190.434 
TRIAL_x: 9.81579 -1.57464e-06 -1.57464e-06 -9.81579 9.81579 9.81579 -9.81579 -9.81579 -1.57464e-06 
TRIAL_y: 10 -1.60419e-06 10 -1.60419e-06 -1.60419e-06 -10 -10 10 -10 
