version: 2.0.0
params: 133.873 185.491 0.432989 0.369952 -103.33 
accuracy: 1.39006
noise_level: 1.33876e-315
UTC: 1723050737457
