version: 2.0.0
params: 289.713 198.961 0.366092 0.365651 105.911 
accuracy: 2.23736
noise_level: 3.42326e-310
UTC: 1723050737457
