version: 2.0.0
params: 51.5051 194.243 0.520926 0.495732 -108.152 
accuracy: 3.06004
noise_level: 6.87799e-310
UTC: 1708532657033
