version: 2.0.0
params: 334.484 210.694 0.557078 0.483678 112.383 
accuracy: 3.01576
noise_level: 3.29911e-226
UTC: 1708532657033
