OS_x: 49.4577 34.92 29.9865 38.0748 55.9745 62.1745 77.2145 48.7406 65.3255 
OS_y: 192.668 191.836 208.549 213.994 216.079 175.911 179.415 181.683 196.164 
TRIAL_x: -1.57464e-06 -1.57464e-06 9.81579 9.81579 9.81579 -9.81579 -9.81579 -9.81579 -1.57464e-06 
TRIAL_y: -1.60419e-06 10 10 -1.60419e-06 -10 -1.60419e-06 -10 10 -10 
