version: 2.0.0
params: 138.334 172.429 0.340458 0.357147 -105.516 
accuracy: 1.73776
noise_level: 0
UTC: 1731426894388
