OS_x: 175.229 125.721 150.422 162.334 123.748 112.595 100.344 138.19 153.755 
OS_y: 152.217 146.32 147.415 176.545 201.74 167.386 197.497 171.665 202.001 
TRIAL_x: -9.81579 -9.81579 -9.81579 -1.57464e-06 9.81579 -1.57464e-06 9.81579 -1.57464e-06 9.81579 
TRIAL_y: -10 10 -1.60419e-06 -10 -1.60419e-06 10 10 -1.60419e-06 -10 
