version: 2.0.0
params: 281.591 179.149 0.336313 0.331837 106.57 
accuracy: 1.75821
noise_level: 6.90163e-310
UTC: 1731426894388
