version: 2.0.0
params: 118.682 189.818 0.389747 0.388365 -107.688 
accuracy: 1.88509
noise_level: 1.40957e-315
UTC: 1723146653859
