OS_x: 151.936 130.223 98.0052 107.822 86.909 140.384 117.698 129.873 111.335 
OS_y: 171.983 167.093 186.908 214.611 211.563 193.437 188.579 218.355 165.091 
TRIAL_x: -9.81579 -9.81579 -1.57464e-06 9.81579 9.81579 -1.57464e-06 -1.57464e-06 9.81579 -9.81579 
TRIAL_y: -10 -1.60419e-06 10 -1.60419e-06 10 -10 -1.60419e-06 -10 10 
