version: 2.0.0
params: 294.026 207.774 0.405735 0.371184 106.774 
accuracy: 2.14144
noise_level: 3.43231e-310
UTC: 1723146653859
