version: 2.0.0
params: 139.424 162.138 0.309719 0.322216 -105.022 
accuracy: 1.9815
noise_level: 0
UTC: 1732639387072
