version: 2.0.0
params: 268.247 185.999 0.321424 0.308542 104.06 
accuracy: 1.88591
noise_level: 6.60294e-310
UTC: 1732639387072
