version: 2.0.0
params: 283.073 208.49 0.392362 0.373024 106.062 
accuracy: 2.03858
noise_level: 3.43141e-310
UTC: 1725379805343
