OS_x: 110.23 142.091 113.781 131.925 132.405 119.545 90.1555 151.677 101.169 
OS_y: 217.97 196.624 169.723 221.595 170.753 191.846 212.855 175.508 189.719 
TRIAL_x: 9.81579 -1.57464e-06 -9.81579 9.81579 -9.81579 -1.57464e-06 9.81579 -9.81579 -1.57464e-06 
TRIAL_y: -1.60419e-06 -10 10 -10 -1.60419e-06 -1.60419e-06 10 -10 10 
