version: 2.0.0
params: 120.602 193.024 0.407731 0.390562 -106.921 
accuracy: 1.8148
noise_level: 1.48838e-315
UTC: 1725379805343
