version: 2.0.0
params: 294.097 178.527 0.301258 0.294898 103.927 
accuracy: 2.80199
noise_level: 6.19949e-310
UTC: 1734462211751
