OS_x: 152.21 125.832 103.102 138.247 165.673 112.605 129.02 159.846 153.138 
OS_y: 137.665 192.317 183.093 161.811 165.572 158.986 135.84 142.767 195.327 
TRIAL_x: -9.81579 9.81579 9.81579 -1.57464e-06 -1.57464e-06 -1.57464e-06 -9.81579 -9.81579 9.81579 
TRIAL_y: -1.60419e-06 -1.60419e-06 10 -1.60419e-06 -10 10 10 -10 -10 
