version: 2.0.0
params: 137.136 163.779 0.365016 0.361483 -105.505 
accuracy: 2.00141
noise_level: 0
UTC: 1734462211751
