OS_x: 124.315 149.525 83.1887 123.943 92.3377 101.135 104.975 112.281 125.396 
OS_y: 176.801 161.582 201.682 209.679 175.949 206.628 153.285 178.368 157.03 
TRIAL_x: -1.57464e-06 -9.81579 9.81579 9.81579 -1.57464e-06 9.81579 -9.81579 -1.57464e-06 -9.81579 
TRIAL_y: -10 -10 10 -10 10 -1.60419e-06 10 -1.60419e-06 -1.60419e-06 
