version: 2.0.0
params: 114.435 181.056 0.386183 0.374934 -109.037 
accuracy: 2.48319
noise_level: 1.38512e-315
UTC: 1722354403636
