version: 2.0.0
params: 265.834 209.062 0.41855 0.363857 105.777 
accuracy: 2.08772
noise_level: 3.42326e-310
UTC: 1722354403636
