version: 2.0.0
params: 293.205 197.869 0.327938 0.347642 100.726 
accuracy: 3.37424
noise_level: 3.42326e-310
UTC: 1714067977458
