version: 2.0.0
params: 108.273 174.266 0.341397 0.347482 -106.686 
accuracy: 3.3236
noise_level: 1.41921e-315
UTC: 1714067977458
