OS_x: 99.5613 144.587 121.229 74.6223 97.3439 122.684 107.862 107.557 85.1861 
OS_y: 150.704 155.469 205.591 198.705 200.829 150.952 153.423 173.37 171.655 
TRIAL_x: -9.81579 -9.81579 9.81579 9.81579 9.81579 -9.81579 -1.57464e-06 -1.57464e-06 -1.57464e-06 
TRIAL_y: 10 -10 -10 10 -1.60419e-06 -1.60419e-06 -10 -1.60419e-06 10 
