version: 2.0.0
params: 349.906 205.941 0.54122 0.508896 114.203 
accuracy: 2.9091
noise_level: 4.91665e+72
UTC: 1709310108405
