OS_x: 41.8487 63.3203 52.3284 45.4803 68.6277 30.9526 76.7448 39.4774 60.2381 
OS_y: 214.746 178.872 194.132 185.514 197.949 210.057 182.405 192.569 217.71 
TRIAL_x: 9.81579 -9.81579 -1.57464e-06 -9.81579 -1.57464e-06 9.81579 -9.81579 -1.57464e-06 9.81579 
TRIAL_y: -1.60419e-06 -1.60419e-06 -1.60419e-06 10 -10 10 -10 10 -10 
