version: 2.0.0
params: 53.5379 195.973 0.539732 0.506322 -106.095 
accuracy: 2.51493
noise_level: 6.39925e-310
UTC: 1709310108405
