UTC: 1709310108405
InitLatency: 0.17664
InitAccel: 239.058
DIR_noise: 17.9912
SS_gain: 0.672474
SS_sacc_amp: 5.52608
SS_prop_smooth: 0.224193
SPD_reponsiveness: 2.95
SPD_noise: 7.30248
nFit: 0.746205
