version: 2.0.0
params: 110.473 193.219 0.406568 0.39594 -106.225 
accuracy: 2.11422
noise_level: 2.2074e-315
UTC: 1718206606443
