version: 2.0.0
params: 268.077 215.116 0.420656 0.392048 107.288 
accuracy: 2.06885
noise_level: 3.45993e-310
UTC: 1718206606443
