OS_x: 108.84 162.37 141.139 140.403 151.924 102.081 119.228 129.419 120.74 
OS_y: 185.991 171.197 166.761 218.894 193.286 213.559 213.696 187.189 163.8 
TRIAL_x: -1.57464e-06 -9.81579 -9.81579 9.81579 -1.57464e-06 9.81579 9.81579 -1.57464e-06 -9.81579 
TRIAL_y: 10 -10 -1.60419e-06 -10 -10 10 -1.60419e-06 -1.60419e-06 10 
