version: 2.0.0
params: 280.024 203.534 0.390223 0.36285 105.413 
accuracy: 2.20012
noise_level: 3.42326e-310
UTC: 1725644358686
