version: 2.0.0
params: 130.755 189.708 0.410714 0.389719 -106.794 
accuracy: 1.88421
noise_level: 1.41592e-315
UTC: 1725644358686
