version: 2.0.0
params: 96.1392 177.548 0.402334 0.387201 -106.134 
accuracy: 2.03809
noise_level: 0
UTC: 1716392508064
