OS_x: 87.1858 117.909 84.7697 105.221 65.6226 105.46 76.9145 128.746 94.6423 
OS_y: 155.099 181.371 202.387 154.088 198.319 205.207 175.65 157.772 174.892 
TRIAL_x: -9.81579 -1.57464e-06 9.81579 -9.81579 9.81579 9.81579 -1.57464e-06 -9.81579 -1.57464e-06 
TRIAL_y: 10 -10 -1.60419e-06 -1.60419e-06 10 -10 10 -10 -1.60419e-06 
