version: 2.0.0
params: 275.413 211.822 0.378378 0.350594 107.384 
accuracy: 2.75715
noise_level: 6.49565e-310
UTC: 1716392508064
