version: 2.0.0
params: 96.6413 175.428 0.383565 0.399006 -107.223 
accuracy: 2.05069
noise_level: 1.33077e-315
UTC: 1715966795040
