version: 2.0.0
params: 295.56 214.019 0.395952 0.366216 106.998 
accuracy: 2.07573
noise_level: 3.43322e-310
UTC: 1715966795040
