OS_x: 88.6952 96.2458 130.188 106.848 108.338 74.9897 117.807 84.3426 64.7952 
OS_y: 153.811 174.485 157.947 203.629 153.223 172.771 178.097 199.133 196.684 
TRIAL_x: -9.81579 -1.57464e-06 -9.81579 9.81579 -9.81579 -1.57464e-06 -1.57464e-06 9.81579 9.81579 
TRIAL_y: 10 -1.60419e-06 -10 -10 -1.60419e-06 10 -10 -1.60419e-06 10 
