version: 2.0.0
params: 44.3488 195.825 0.449454 0.476545 -109.859 
accuracy: 2.7356
noise_level: 6.09136e-310
UTC: 1709567488857
