OS_x: 75.6497 61.5358 57.4594 19.881 50.6126 32.2032 42.5961 26.9148 38.7432 
OS_y: 180.036 199.021 176.804 212.72 219.916 215.229 194.496 193.229 180.127 
TRIAL_x: -9.81579 -1.57464e-06 -9.81579 9.81579 9.81579 9.81579 -1.57464e-06 -1.57464e-06 -9.81579 
TRIAL_y: -10 -10 -1.60419e-06 10 -10 -1.60419e-06 -1.60419e-06 10 10 
