version: 2.0.0
params: 346.011 199.74 0.490489 0.472452 106.127 
accuracy: 2.31038
noise_level: -6.08701e-180
UTC: 1709567488857
