version: 2.0.0
params: 310.127 206.902 0.423021 0.371568 104.737 
accuracy: 4.42645
noise_level: -6.47961e+256
UTC: 1709222589705
