version: 2.0.0
params: 94.1353 190.989 0.459131 0.456345 -106.173 
accuracy: 3.11778
noise_level: 6.94727e-310
UTC: 1709222589705
