OS_x: 104.607 113.898 96.3907 104.929 75.0303 98.1822 87.8471 82.9026 65.8142 
OS_y: 215.139 192.423 189.973 170.502 187.372 168.105 167.988 211.955 209.126 
TRIAL_x: 9.81579 -1.57464e-06 -1.57464e-06 -9.81579 -1.57464e-06 -9.81579 -9.81579 9.81579 9.81579 
TRIAL_y: -10 -10 -1.60419e-06 -1.60419e-06 10 -10 10 -1.60419e-06 10 
