version: 2.0.0
params: 54.5108 175.548 0.406548 0.41996 -108.906 
accuracy: 2.75788
noise_level: 0
UTC: 1710776877132
