OS_x: 64.2171 40.1848 53.7281 74.6093 35.5761 52.1223 88.2758 62.1884 23.9571 
OS_y: 159.898 198.384 172.674 176.803 171.241 151.97 157.109 201.761 195.446 
TRIAL_x: -9.81579 9.81579 -1.57464e-06 -1.57464e-06 -1.57464e-06 -9.81579 -9.81579 9.81579 9.81579 
TRIAL_y: -1.60419e-06 -1.60419e-06 -1.60419e-06 -10 10 10 -10 -10 10 
