version: 2.0.0
params: 346.379 187.341 0.429667 0.44743 112.416 
accuracy: 2.63807
noise_level: 6.15276e-310
UTC: 1710776877132
