version: 2.0.0
params: 358.381 207.383 0.622337 0.536037 107.563 
accuracy: 2.40908
noise_level: -7.69682e-116
UTC: 1709310256198
