version: 2.0.0
params: 46.2849 194.102 0.469527 0.481332 -108.61 
accuracy: 2.95988
noise_level: 6.39925e-310
UTC: 1709310256198
