OS_x: 62.1461 44.8835 48.3877 21.279 31.1377 58.4687 73.7823 35.531 45.2181 
OS_y: 196.091 175.74 211.353 210.421 192.049 176.49 180.168 213.763 193.823 
TRIAL_x: -1.57464e-06 -9.81579 9.81579 9.81579 -1.57464e-06 -9.81579 -9.81579 9.81579 -1.57464e-06 
TRIAL_y: -10 10 -10 10 10 -1.60419e-06 -10 -1.60419e-06 -1.60419e-06 
