OS_x: 57.7887 61.2923 68.9665 43.4755 49.7903 75.3326 44.2468 80.9487 92.6416 
OS_y: 169.045 186.926 214.244 183.981 209.094 166.934 195.588 190.335 171.884 
TRIAL_x: -9.81579 -1.57464e-06 9.81579 -1.57464e-06 9.81579 -9.81579 9.81579 -1.57464e-06 -9.81579 
TRIAL_y: 10 -1.60419e-06 -10 10 -1.60419e-06 -1.60419e-06 10 -10 -10 
