version: 2.0.0
params: 62.3729 186.911 0.456715 0.459844 -113.417 
accuracy: 2.66036
noise_level: 0
UTC: 1728574239988
