version: 2.0.0
params: 330.794 194.315 0.47841 0.452549 106.505 
accuracy: 2.9381
noise_level: 6.29735e-310
UTC: 1728574239988
