version: 2.0.0
params: 118.513 176.558 0.403534 0.34766 -108.454 
accuracy: 3.10274
noise_level: 0
UTC: 1729092379382
