version: 2.0.0
params: 287.656 195.517 0.366147 0.322634 105.992 
accuracy: 3.05069
noise_level: 6.53332e-310
UTC: 1729092379382
