OS_x: 131.11 132.107 141.82 147.556 85.3832 118.513 95.8122 97.0084 106.546 
OS_y: 206.943 152.816 177.079 165.791 117.779 176.558 197.423 174.219 202.786 
TRIAL_x: 9.81579 -9.81579 -1.57464e-06 -9.81579 -9.81579 -1.57464e-06 9.81579 -1.57464e-06 9.81579 
TRIAL_y: -10 -1.60419e-06 -10 -10 10 -1.60419e-06 10 10 -1.60419e-06 
