version: 2.0.0
params: 287.82 216.768 0.445564 0.408129 104.87 
accuracy: 1.93846
noise_level: 3.42326e-310
UTC: 1722963181547
