OS_x: 114.321 164.541 104.134 124.324 144.832 125.662 134.463 142.628 153.396 
OS_y: 198.407 184.972 223.298 225.096 181.216 178.515 202.38 225.928 206.758 
TRIAL_x: -1.57464e-06 -9.81579 9.81579 9.81579 -9.81579 -9.81579 -1.57464e-06 9.81579 -1.57464e-06 
TRIAL_y: 10 -10 10 -1.60419e-06 -1.60419e-06 10 -1.60419e-06 -10 -10 
