version: 2.0.0
params: 134.463 202.38 0.430352 0.424248 -107.439 
accuracy: 1.84543
noise_level: 1.97182e-315
UTC: 1722963181547
