version: 2.0.0
params: 149.959 174.254 0.335636 0.328424 -105.046 
accuracy: 2.06494
noise_level: 6.59379e-310
UTC: 1726245522108
