version: 2.0.0
params: 264.965 195.158 0.375679 0.332594 105.345 
accuracy: 1.4027
noise_level: -3.24597e+156
UTC: 1726245522108
