OS_x: 125.687 112.342 152.144 138.988 163.071 162.35 176.069 136.313 186.323 
OS_y: 171.635 201.657 171.004 150.906 208.417 147.419 178.197 202.248 153.295 
TRIAL_x: -1.57464e-06 9.81579 -1.57464e-06 -9.81579 9.81579 -9.81579 -1.57464e-06 9.81579 -9.81579 
TRIAL_y: 10 10 -1.60419e-06 10 -10 -1.60419e-06 -10 -1.60419e-06 -10 
