version: 2.0.0
params: 74.6938 168.168 0.441035 0.372745 -103.416 
accuracy: 2.89633
noise_level: 6.56837e-310
UTC: 1711983426572
