OS_x: 73.6155 98.3216 45.2039 57.0123 96.1826 88.2155 78.4752 93.4132 64.84 
OS_y: 142.624 147.396 191.264 168.695 171.142 196.657 166.402 144.805 195.154 
TRIAL_x: -9.81579 -9.81579 9.81579 -1.57464e-06 -1.57464e-06 9.81579 -1.57464e-06 -9.81579 9.81579 
TRIAL_y: 10 -10 10 10 -10 -10 -1.60419e-06 -1.60419e-06 -1.60419e-06 
