version: 2.0.0
params: 347.239 177.118 0.350329 0.396206 113.335 
accuracy: 5.35947
noise_level: 3.72649e-06
UTC: 1711983426572
