version: 2.0.0
params: 267.96 208.926 0.392998 0.364175 105.291 
accuracy: 1.80091
noise_level: 3.42326e-310
UTC: 1722354571573
