version: 2.0.0
params: 112.471 179.288 0.36763 0.378314 -109.162 
accuracy: 1.86996
noise_level: 2.16409e-315
UTC: 1722354571573
