OS_x: 134.545 111.923 103.577 90.2564 98.109 125.402 149.702 77.3281 124.216 
OS_y: 183.294 177.985 151.826 174.314 205.95 209.916 158.645 200.843 156.263 
TRIAL_x: -1.57464e-06 -1.57464e-06 -9.81579 -1.57464e-06 9.81579 9.81579 -9.81579 9.81579 -9.81579 
TRIAL_y: -10 -1.60419e-06 10 10 -1.60419e-06 -10 -10 10 -1.60419e-06 
