version: 2.0.0
params: 283.356 183.76 0.322113 0.316611 101.569 
accuracy: 2.13821
noise_level: 6.62088e-310
UTC: 1730909424432
