version: 2.0.0
params: 102.781 163.443 0.32617 0.330847 -108.128 
accuracy: 2.3008
noise_level: 0
UTC: 1730909424432
