OS_x: 63.839 102.781 114.262 92.4294 78.1694 88.7748 118.572 120.522 141.65 
OS_y: 189.736 163.443 197.938 137.304 160.007 191.227 136.991 163.184 143.71 
TRIAL_x: 9.81579 -1.57464e-06 9.81579 -9.81579 -1.57464e-06 9.81579 -9.81579 -1.57464e-06 -9.81579 
TRIAL_y: 10 -1.60419e-06 -10 10 10 -1.60419e-06 -1.60419e-06 -10 -10 
