OS_x: 87.5868 64.1365 90.421 98.4158 68.8626 75.3503 43.3565 52.8245 110.564 
OS_y: 200.017 195.444 148.615 172.913 145.853 168.102 191.779 167.239 151.694 
TRIAL_x: 9.81579 9.81579 -9.81579 -1.57464e-06 -9.81579 -1.57464e-06 9.81579 -1.57464e-06 -9.81579 
TRIAL_y: -10 -1.60419e-06 -1.60419e-06 -10 10 -1.60419e-06 10 10 -10 
