version: 2.0.0
params: 334.173 184.862 0.443042 0.396135 117.909 
accuracy: 3.04173
noise_level: -6.29124e-111
UTC: 1710947761161
