version: 2.0.0
params: 76.21 170.337 0.371233 0.378312 -106.721 
accuracy: 2.06482
noise_level: 6.39981e-310
UTC: 1710947761161
