OS_x: 77.2348 54.1068 64.6226 93.8729 110.806 79.1229 68.3777 97.9997 86.391 
OS_y: 172.637 214.479 192.395 173.848 178.365 193.793 217.589 199.442 222.417 
TRIAL_x: -9.81579 9.81579 -1.57464e-06 -9.81579 -9.81579 -1.57464e-06 9.81579 -1.57464e-06 9.81579 
TRIAL_y: 10 10 10 -1.60419e-06 -10 -1.60419e-06 -1.60419e-06 -10 -10 
