version: 2.0.0
params: 80.1827 194.673 0.444806 0.41084 -111.786 
accuracy: 2.57172
noise_level: 6.49908e-310
UTC: 1709049253589
