version: 2.0.0
params: 318.834 201.263 0.448101 0.409654 108.059 
accuracy: 2.49338
noise_level: 3.52173e-98
UTC: 1709049253589
