version: 2.0.0
params: 297.688 192.283 0.353151 0.334735 106.551 
accuracy: 2.36171
noise_level: 6.42249e-310
UTC: 1732293419502
