OS_x: 120.279 117.184 128.244 104.87 70.0748 99.3177 142.684 91.6371 84.5977 
OS_y: 146.035 201.054 178.354 169.388 194.111 144.345 150.086 195.909 169.786 
TRIAL_x: -9.81579 9.81579 -1.57464e-06 -1.57464e-06 9.81579 -9.81579 -9.81579 9.81579 -1.57464e-06 
TRIAL_y: -1.60419e-06 -10 -10 -1.60419e-06 10 10 -10 -1.60419e-06 10 
