version: 2.0.0
params: 104.944 169.888 0.36226 0.364023 -110.572 
accuracy: 2.21229
noise_level: 0
UTC: 1732293419502
