version: 2.0.0
params: 247.75 216.085 0.392069 0.348528 105.692 
accuracy: 1.61448
noise_level: 6.76331e-310
UTC: 1718119725494
