version: 2.0.0
params: 113.618 177.95 0.361223 0.352153 -105.022 
accuracy: 1.83488
noise_level: 0
UTC: 1718119725494
