OS_x: 126.385 104.354 100.484 113.618 126.356 78.7848 138.057 148.07 89.4852 
OS_y: 154.076 151.102 205.942 177.95 208.086 202.446 181.131 156.981 173.547 
TRIAL_x: -9.81579 -9.81579 9.81579 -1.57464e-06 9.81579 9.81579 -1.57464e-06 -9.81579 -1.57464e-06 
TRIAL_y: -1.60419e-06 10 -1.60419e-06 -1.60419e-06 -10 10 -10 -10 10 
