version: 2.0.0
params: 288.182 209.169 0.413544 0.393453 107.144 
accuracy: 2.2858
noise_level: 6.2092e-310
UTC: 1729791451196
