version: 2.0.0
params: 300.647 188.371 0.330576 0.309848 106.849 
accuracy: 2.16898
noise_level: 6.40229e-310
UTC: 1734379412105
