version: 2.0.0
params: 122.465 165.543 0.33045 0.342439 -105.666 
accuracy: 2.07776
noise_level: 0
UTC: 1734379412105
