OS_x: 107.881 112.858 84.5765 122.315 97.2055 147.616 135.626 160.418 134.664 
OS_y: 194.319 139.926 191.706 164.92 161.872 168.442 140.894 144.606 196.242 
TRIAL_x: 9.81579 -9.81579 9.81579 -1.57464e-06 -1.57464e-06 -1.57464e-06 -9.81579 -9.81579 9.81579 
TRIAL_y: -1.60419e-06 10 10 -1.60419e-06 10 -10 -1.60419e-06 -10 -10 
