version: 2.0.0
params: 349.5 193.238 0.413964 0.408503 108.885 
accuracy: 2.50035
noise_level: -7.99338e-188
UTC: 1709836533238
