version: 2.0.0
params: 55.5297 179.973 0.395768 0.391527 -108.546 
accuracy: 2.72488
noise_level: 6.09327e-310
UTC: 1709836533238
