OS_x: 24.8355 38.3993 55.4371 69.53 51.2206 36.5016 74.78 87.7026 62.4745 
OS_y: 201.829 204.094 179.282 159.914 158.762 178.108 183.337 163.477 208.353 
TRIAL_x: 9.81579 9.81579 -1.57464e-06 -9.81579 -9.81579 -1.57464e-06 -1.57464e-06 -9.81579 9.81579 
TRIAL_y: 10 -1.60419e-06 -1.60419e-06 -1.60419e-06 10 10 -10 -10 -10 
