version: 2.0.0
params: 268.812 193.932 0.339833 0.323708 103.728 
accuracy: 1.68329
noise_level: 6.59373e-310
UTC: 1726245709246
