OS_x: 186.091 133.633 147.046 172.455 158.523 160.82 109.411 121.321 136.377 
OS_y: 152.455 202.127 171.066 175.865 146.511 206.406 197.956 169.604 145.408 
TRIAL_x: -9.81579 9.81579 -1.57464e-06 -1.57464e-06 -9.81579 9.81579 9.81579 -1.57464e-06 -9.81579 
TRIAL_y: -10 -1.60419e-06 -1.60419e-06 -10 -1.60419e-06 -10 10 10 10 
