version: 2.0.0
params: 147.51 173.385 0.328625 0.336793 -106.441 
accuracy: 1.77833
noise_level: 0
UTC: 1726245709246
