version: 2.0.0
params: 270.603 206.598 0.394183 0.345305 103.516 
accuracy: 1.94923
noise_level: 6.57151e-310
UTC: 1731515295987
