version: 2.0.0
params: 155.995 180.553 0.363182 0.395716 -106.718 
accuracy: 1.85381
noise_level: 0
UTC: 1731515295987
