OS_x: 168.69 191.496 148.221 132.113 122.109 155.017 167.358 179.484 147.347 
OS_y: 210.628 163.076 204.31 179.048 205.677 180.027 156.79 184.777 160.515 
TRIAL_x: 9.81579 -9.81579 9.81579 -1.57464e-06 9.81579 -1.57464e-06 -9.81579 -1.57464e-06 -9.81579 
TRIAL_y: -10 -10 -1.60419e-06 10 10 -1.60419e-06 -1.60419e-06 -10 10 
