version: 2.0.0
params: 298.149 193.993 0.378395 0.354808 106.564 
accuracy: 2.54289
noise_level: 6.62759e-310
UTC: 1734643469880
