version: 2.0.0
params: 104.945 180.779 0.397938 0.381703 -106.051 
accuracy: 2.66504
noise_level: 0
UTC: 1734643469880
