OS_x: 104.714 126.736 82.9755 102.234 114.509 114.522 76.141 138.543 89.6503 
OS_y: 155.318 183.18 177.141 178.123 159.066 208.95 203.541 158.949 205.624 
TRIAL_x: -9.81579 -1.57464e-06 -1.57464e-06 -1.57464e-06 -9.81579 9.81579 9.81579 -9.81579 9.81579 
TRIAL_y: 10 -10 10 -1.60419e-06 -1.60419e-06 -10 10 -10 -1.60419e-06 
