version: 2.0.0
params: 77.8144 169.091 0.352105 0.342193 -110.95 
accuracy: 2.25841
noise_level: 6.28159e-310
UTC: 1716832348788
