OS_x: 39.9594 64.2842 93.33 78.9784 77.7332 102.142 114.305 57.2613 86.922 
OS_y: 189.172 197.652 145.048 143.722 168.361 174.528 152.751 167.911 202.386 
TRIAL_x: 9.81579 9.81579 -9.81579 -9.81579 -1.57464e-06 -1.57464e-06 -9.81579 -1.57464e-06 9.81579 
TRIAL_y: 10 -1.60419e-06 -1.60419e-06 10 -1.60419e-06 -10 -10 10 -10 
