version: 2.0.0
params: 228.011 153.09 -0.101003 0.126251 171.901 
accuracy: 8.33251
noise_level: -1.40588e+259
UTC: 1716832348788
