OS_x: 128.236 113.865 102.05 139.388 155.508 168.078 127.145 152.376 180.149 
OS_y: 137.547 161.805 192.11 164.372 198.549 168.958 193.842 140.817 143.088 
TRIAL_x: -9.81579 -1.57464e-06 9.81579 -1.57464e-06 9.81579 -1.57464e-06 9.81579 -9.81579 -9.81579 
TRIAL_y: 10 10 10 -1.60419e-06 -10 -10 -1.60419e-06 -1.60419e-06 -10 
