version: 2.0.0
params: 291.046 179.109 0.353114 0.318836 107.169 
accuracy: 2.04882
noise_level: 6.19949e-310
UTC: 1734462065580
