version: 2.0.0
params: 140.277 165.862 0.325891 0.344738 -105.544 
accuracy: 1.76378
noise_level: 0
UTC: 1734462065580
