UTC: 1734462065580
INIT_latency: 0.164283
INIT_accel: 226.785
SS_gain: 0.669791
SS_sacc_amp: 5.19859
SS_prop_smooth: 0.546801
DIR_anisotropy: nan
DIR_asymmetry: nan
DIR_noise: 11.4884
SPD_responsiveness: 2.075
SPD_noise: 4.67367
nFit: 1.42994
