version: 2.0.0
params: 93.8143 173.414 0.341201 0.357546 -105.832 
accuracy: 2.64494
noise_level: 6.28146e-310
UTC: 1712760851432
