version: 2.0.0
params: 295.227 197.56 0.37625 0.345364 108.379 
accuracy: 3.49883
noise_level: 7.16161e-85
UTC: 1712760851432
