OS_x: 89.8852 81.2129 130.276 93.2716 107.843 104.366 59.6729 69.6645 117.199 
OS_y: 153.325 198.964 154.174 172.012 149.789 203.285 196.691 178.834 176.656 
TRIAL_x: -9.81579 9.81579 -9.81579 -1.57464e-06 -9.81579 9.81579 9.81579 -1.57464e-06 -1.57464e-06 
TRIAL_y: 10 -1.60419e-06 -10 -1.60419e-06 -1.60419e-06 -10 10 10 -10 
