OS_x: 124.318 100.709 113.585 149.709 137.665 151.158 174.365 163.199 127.02 
OS_y: 196.48 194.689 167.247 202.299 167.964 144.223 147.275 171.158 142.083 
TRIAL_x: 9.81579 9.81579 -1.57464e-06 9.81579 -1.57464e-06 -9.81579 -9.81579 -1.57464e-06 -9.81579 
TRIAL_y: -1.60419e-06 10 10 -10 -1.60419e-06 -1.60419e-06 -10 -10 10 
