version: 2.0.0
params: 301.038 194.518 0.346795 0.32701 106.358 
accuracy: 2.05232
noise_level: 6.4125e-310
UTC: 1734542527708
