version: 2.0.0
params: 137.661 168.522 0.337467 0.334788 -105.308 
accuracy: 2.03846
noise_level: 0
UTC: 1734542527708
