version: 2.0.0
params: 74.0373 182.318 0.412606 0.40435 -109.729 
accuracy: 2.58995
noise_level: 6.74086e-310
UTC: 1713894360535
