OS_x: 86.719 105.79 83.0852 43.4184 55.9342 89.6419 61.7684 69.6171 74.1074 
OS_y: 161.261 165.725 210.034 203.327 179.19 186.015 205.501 164.899 180.533 
TRIAL_x: -9.81579 -9.81579 9.81579 9.81579 -1.57464e-06 -1.57464e-06 9.81579 -9.81579 -1.57464e-06 
TRIAL_y: -1.60419e-06 -10 -10 10 10 -10 -1.60419e-06 10 -1.60419e-06 
