version: 2.0.0
params: 321.408 203.539 0.45872 0.410538 108.76 
accuracy: 2.31884
noise_level: 1.92004e+176
UTC: 1713894360535
