OS_x: 138.63 106.097 151.976 117.027 85.2213 128.347 97.6081 110.834 127.783 
OS_y: 190.486 212.968 167.94 184.78 209.498 218.429 182.989 160.75 162.828 
TRIAL_x: -1.57464e-06 9.81579 -9.81579 -1.57464e-06 9.81579 9.81579 -1.57464e-06 -9.81579 -9.81579 
TRIAL_y: -10 -1.60419e-06 -10 -1.60419e-06 10 -10 10 10 -1.60419e-06 
