version: 2.0.0
params: 270.35 199.9 0.377088 0.359505 106.354 
accuracy: 2.12556
noise_level: 3.42417e-310
UTC: 1723477971126
