version: 2.0.0
params: 117.859 187.066 0.391525 0.369608 -109.473 
accuracy: 1.91565
noise_level: 2.0908e-315
UTC: 1723477971126
