version: 2.0.0
params: 287.69 203.933 0.401489 0.37203 105.795 
accuracy: 2.44397
noise_level: 3.42326e-310
UTC: 1725898610440
