version: 2.0.0
params: 108.725 183.832 0.383262 0.379898 -110.658 
accuracy: 2.49165
noise_level: 1.30623e-315
UTC: 1725898610440
