OS_x: 142.657 99.7274 118.855 95.9384 108.269 121.727 130.23 102.924 76.1084 
OS_y: 167.757 181.576 214.506 209.523 183.229 162.396 188.23 159.798 206.949 
TRIAL_x: -9.81579 -1.57464e-06 9.81579 9.81579 -1.57464e-06 -9.81579 -1.57464e-06 -9.81579 9.81579 
TRIAL_y: -10 10 -10 -1.60419e-06 -1.60419e-06 -1.60419e-06 -10 10 10 
