version: 2.0.0
params: 106.639 177.736 0.392549 0.431656 -111.838 
accuracy: 2.56905
noise_level: 6.83928e-310
UTC: 1722267787750
