OS_x: 104.264 115.517 128.633 118.96 96.0023 92.1442 142 90.2119 83.1765 
OS_y: 178.576 210.643 183.212 155.893 154.587 193.573 160.589 190.503 175.644 
TRIAL_x: -1.57464e-06 9.81579 -1.57464e-06 -9.81579 -9.81579 9.81579 -9.81579 9.81579 -1.57464e-06 
TRIAL_y: -1.60419e-06 -10 -10 -1.60419e-06 10 -1.60419e-06 -10 10 10 
