version: 2.0.0
params: 289.534 193.838 0.366838 0.363756 101.568 
accuracy: 2.92882
noise_level: -3.96021e-08
UTC: 1722267787750
