OS_x: 80.3761 120.285 109.893 112.572 131.68 99.1994 70.2603 88.7671 94.629 
OS_y: 184.649 191.137 215.626 165.656 169.9 186.555 208.349 210.828 162.835 
TRIAL_x: -1.57464e-06 -1.57464e-06 9.81579 -9.81579 -9.81579 -1.57464e-06 9.81579 9.81579 -9.81579 
TRIAL_y: 10 -10 -10 -1.60419e-06 -10 -1.60419e-06 10 -1.60419e-06 10 
