version: 2.0.0
params: 301.548 213.036 0.434793 0.398674 107.378 
accuracy: 2.26497
noise_level: 6.30846e-310
UTC: 1733935689132
