version: 2.0.0
params: 99.6744 187.046 0.411392 0.399703 -108.85 
accuracy: 2.04999
noise_level: 0
UTC: 1733935689132
