version: 2.0.0
params: 266.531 204.503 0.344753 0.312197 103.467 
accuracy: 2.68065
noise_level: 6.57151e-310
UTC: 1731515135253
