version: 2.0.0
params: 159.557 180.692 0.345789 0.346673 -104.82 
accuracy: 2.78453
noise_level: 0
UTC: 1731515135253
