OS_x: 18.8519 46.0758 53.2939 41.7126 33.6971 34.5461 67.6584 6.78258 21.2648 
OS_y: 183.597 169.438 189.231 210.79 169.888 184.615 169.117 205.171 206.427 
TRIAL_x: -1.57464e-06 -9.81579 -1.57464e-06 9.81579 -9.81579 -1.57464e-06 -9.81579 9.81579 9.81579 
TRIAL_y: 10 -1.60419e-06 -10 -10 10 -1.60419e-06 -10 10 -1.60419e-06 
