version: 2.0.0
params: 349.647 189.658 0.475401 0.466268 113.834 
accuracy: 2.58661
noise_level: 6.29365e-310
UTC: 1710170785464
