version: 2.0.0
params: 35.2134 186.551 0.429151 0.468433 -110.526 
accuracy: 2.95595
noise_level: 0
UTC: 1710170785464
