version: 2.0.0
params: 283.321 200.277 0.357835 0.348436 102.805 
accuracy: 2.55283
noise_level: 3.42598e-310
UTC: 1713973649425
