version: 2.0.0
params: 319.999 190.634 0.394307 0.368739 108.004 
accuracy: 2.77532
noise_level: 6.18119e-310
UTC: 1712684733060
