version: 2.0.0
params: 112.536 177.303 0.360652 0.362187 -108.54 
accuracy: 2.52799
noise_level: 0
UTC: 1712684733060
