UTC: 1712684733060
InitLatency: 0.174721
InitAccel: 200.524
DIR_noise: 21.0821
SS_gain: 0.724934
SS_sacc_amp: 5.40796
SS_prop_smooth: 0.162048
SPD_reponsiveness: 2.05
SPD_noise: 4.87514
nFit: -0.0419279
