OS_x: 124.674 91.7542 125.407 111.95 134.625 147.999 119.7 78.8619 101.701 
OS_y: 208.34 175.059 154.524 176.477 180.807 159.421 156.742 200.011 203.46 
TRIAL_x: 9.81579 -1.57464e-06 -9.81579 -1.57464e-06 -1.57464e-06 -9.81579 -9.81579 9.81579 9.81579 
TRIAL_y: -10 10 -1.60419e-06 -1.60419e-06 -10 -10 10 10 -1.60419e-06 
