OS_x: 109.743 85.3839 91.5297 65.4429 119.504 107.145 97.8381 132.538 78.299 
OS_y: 156.367 202.813 154.475 199.986 181.831 206.569 176.834 160.478 174.147 
TRIAL_x: -9.81579 9.81579 -9.81579 9.81579 -1.57464e-06 9.81579 -1.57464e-06 -9.81579 -1.57464e-06 
TRIAL_y: -1.60419e-06 -1.60419e-06 10 10 -10 -10 -1.60419e-06 -10 10 
