version: 2.0.0
params: 303.387 208.552 0.41984 0.386428 107.454 
accuracy: 2.153
noise_level: 6.23416e-310
UTC: 1732897763735
