version: 2.0.0
params: 98.3564 178.221 0.386439 0.39468 -109.231 
accuracy: 2.12717
noise_level: 0
UTC: 1732897763735
