version: 2.0.0
params: 112.473 190.553 0.402488 0.418904 -107.415 
accuracy: 2.114
noise_level: 0
UTC: 1729521753339
