OS_x: 133.469 144.873 111.521 122.551 100.006 121.393 91.8632 105.609 81.2574 
OS_y: 193.141 173.068 188.523 170.624 214.132 215.762 186.865 166.125 211.205 
TRIAL_x: -1.57464e-06 -9.81579 -1.57464e-06 -9.81579 9.81579 9.81579 -1.57464e-06 -9.81579 9.81579 
TRIAL_y: -10 -10 -1.60419e-06 -1.60419e-06 -1.60419e-06 -10 10 10 10 
