version: 2.0.0
params: 296.643 197.472 0.403389 0.386713 105 
accuracy: 2.12514
noise_level: 6.46657e-310
UTC: 1729521753339
