version: 2.0.0
params: 69.7245 169.506 0.346324 0.279644 -104.853 
accuracy: 5.97636
noise_level: 2.36369e-315
UTC: 1716832529546
