version: 2.0.0
params: 261.448 186.869 0.231414 0.295755 94.9348 
accuracy: 8.27528
noise_level: 3.42326e-310
UTC: 1716832529546
