OS_x: 52.3116 49.0113 77.8036 55.3387 70.8235 34.5494 84.6803 89.0052 63.4477 
OS_y: 72.9152 168.981 203.485 196.488 169.058 194.268 147.007 168.43 145.439 
TRIAL_x: -9.81579 -1.57464e-06 9.81579 9.81579 -1.57464e-06 9.81579 -9.81579 -1.57464e-06 -9.81579 
TRIAL_y: -10 10 -10 -1.60419e-06 -1.60419e-06 10 -1.60419e-06 -10 10 
