OS_x: 115.948 118.224 83.4332 98.1839 127.375 71.0265 135.09 91.8548 103.845 
OS_y: 206.067 153.072 173.704 151.674 179.52 199.107 160.179 201.19 175.781 
TRIAL_x: 9.81579 -9.81579 -1.57464e-06 -9.81579 -1.57464e-06 9.81579 -9.81579 9.81579 -1.57464e-06 
TRIAL_y: -10 -1.60419e-06 10 10 -10 10 -10 -1.60419e-06 -1.60419e-06 
