version: 2.0.0
params: 103.745 176.241 0.396864 0.401565 -107.062 
accuracy: 1.98458
noise_level: 0
UTC: 1729694675084
