version: 2.0.0
params: 312.357 194.473 0.378999 0.362215 107.054 
accuracy: 2.33783
noise_level: 6.16657e-310
UTC: 1729694675084
