UTC: 1729694675084
INIT_latency: 0.156367
INIT_accel: 306.801
SS_gain: 0.70722
SS_sacc_amp: 6.17624
SS_prop_smooth: 0.332241
DIR_anisotropy: nan
DIR_asymmetry: nan
DIR_noise: 4.7026
SPD_responsiveness: 2.175
SPD_noise: 4.69128
nFit: 2.07655
