version: 2.0.0
params: 286.684 216.742 0.470243 0.430565 105.475 
accuracy: 1.71232
noise_level: 3.42869e-310
UTC: 1724871477879
