version: 2.0.0
params: 103.889 196.646 0.423075 0.431544 -106.851 
accuracy: 2.1624
noise_level: 2.14622e-315
UTC: 1724871477879
