OS_x: 115.779 122.988 134.508 103.153 84.9768 95.0574 112.885 75.2368 92.8055 
OS_y: 176.095 198.863 180.097 195.282 194.081 177.949 222.735 215.623 218.385 
TRIAL_x: -9.81579 -1.57464e-06 -9.81579 -1.57464e-06 -1.57464e-06 -9.81579 9.81579 9.81579 9.81579 
TRIAL_y: -1.60419e-06 -10 -10 -1.60419e-06 10 10 -10 10 -1.60419e-06 
