OS_x: 52.0235 25.6677 65.1329 35.9281 21.6187 49.0087 41.841 14.9226 35.4858 
OS_y: 193.088 209.813 175.771 189.255 188.341 172.651 212.479 195.153 171.808 
TRIAL_x: -1.57464e-06 9.81579 -9.81579 -1.57464e-06 -1.57464e-06 -9.81579 9.81579 9.81579 -9.81579 
TRIAL_y: -10 -1.60419e-06 -10 -1.60419e-06 10 -1.60419e-06 -10 10 10 
