version: 2.0.0
params: 353.002 211.71 0.434686 0.420853 113.014 
accuracy: 4.70557
noise_level: -9.99572e-73
UTC: 1708363855327
