version: 2.0.0
params: 37.7361 188.987 0.543203 0.536422 -118.619 
accuracy: 2.64089
noise_level: 6.09134e-310
UTC: 1708363855327
