version: 2.0.0
params: 284.658 195.302 0.40172 0.382275 106.518 
accuracy: 2.33176
noise_level: 6.5411e-310
UTC: 1712588731619
