version: 2.0.0
params: 122.582 160.93 0.317821 0.389783 -103.36 
accuracy: 2.72488
noise_level: 0
UTC: 1712588731619
