OS_x: 149.97 162.074 120.764 136.309 84.7439 113.993 110.396 134.513 95.761 
OS_y: 165.904 140.991 161.315 136.5 187.923 137.602 181.14 174.527 160.17 
TRIAL_x: -1.57464e-06 -9.81579 -1.57464e-06 -9.81579 9.81579 -9.81579 9.81579 9.81579 -1.57464e-06 
TRIAL_y: -10 -10 -1.60419e-06 -1.60419e-06 10 10 -1.60419e-06 -10 10 
