version: 2.0.0
params: 147.949 169.614 0.325924 0.361426 -101.238 
accuracy: 2.73579
noise_level: 0
UTC: 1730128528184
