version: 2.0.0
params: 269.193 196.732 0.383031 0.36788 108.725 
accuracy: 2.91638
noise_level: 6.37164e-310
UTC: 1730128528184
