OS_x: 133.101 172.327 106.793 144.23 159.047 183.912 147.545 150.7 119.037 
OS_y: 142.269 174.495 197.672 170.025 143.215 148.368 186.682 184.283 166.869 
TRIAL_x: -9.81579 -1.57464e-06 9.81579 -1.57464e-06 -9.81579 -9.81579 9.81579 9.81579 -1.57464e-06 
TRIAL_y: 10 -10 10 -1.60419e-06 -1.60419e-06 -10 -1.60419e-06 -10 10 
