version: 2.0.0
params: 291.915 192.387 0.342096 0.334154 106.35 
accuracy: 2.06165
noise_level: 6.42249e-310
UTC: 1732293260963
