OS_x: 103.735 148.942 123.327 111.664 76.2345 89.5661 98.4284 126.588 137.078 
OS_y: 147.386 153.637 205.905 173.958 198.615 169.861 199.939 148.811 176.295 
TRIAL_x: -9.81579 -9.81579 9.81579 -1.57464e-06 9.81579 -1.57464e-06 9.81579 -9.81579 -1.57464e-06 
TRIAL_y: 10 -10 -10 -1.60419e-06 10 10 -1.60419e-06 -1.60419e-06 -10 
