version: 2.0.0
params: 111.664 173.958 0.34709 0.352877 -107.671 
accuracy: 2.06929
noise_level: 0
UTC: 1732293260963
