version: 2.0.0
params: 120.21 171.37 0.340657 0.351139 -106.651 
accuracy: 2.06803
noise_level: 2.16211e-315
UTC: 1726500472135
