version: 2.0.0
params: 288.155 190.715 0.344667 0.331308 106.686 
accuracy: 1.90598
noise_level: 3.42326e-310
UTC: 1726500472135
