OS_x: 111.749 134.5 107.09 134.008 97.1013 157.842 119.097 84.5542 144.653 
OS_y: 145.551 146.362 198.897 202.372 168.75 151.264 170.363 196.418 174.484 
TRIAL_x: -9.81579 -9.81579 9.81579 9.81579 -1.57464e-06 -9.81579 -1.57464e-06 9.81579 -1.57464e-06 
TRIAL_y: 10 -1.60419e-06 -1.60419e-06 -10 10 -10 -1.60419e-06 10 -10 
