version: 2.0.0
params: 323.535 208.012 0.432692 0.438183 109.271 
accuracy: 2.25629
noise_level: 6.19208e-310
UTC: 1728511746468
