OS_x: 95.2461 81.461 59.1445 105.841 75.4577 97.8013 68.8068 85.7374 117.047 
OS_y: 219.862 172.295 213.06 197.019 215.01 175.075 190.348 192 176.47 
TRIAL_x: 9.81579 -9.81579 9.81579 -1.57464e-06 9.81579 -9.81579 -1.57464e-06 -1.57464e-06 -9.81579 
TRIAL_y: -10 10 10 -10 -1.60419e-06 -1.60419e-06 10 -1.60419e-06 -10 
