version: 2.0.0
params: 86.7179 193.677 0.446294 0.442872 -109.026 
accuracy: 2.23348
noise_level: 0
UTC: 1728511746468
