OS_x: 171.743 161.72 188.065 182.887 136.157 199.376 206.19 146.796 159.362 
OS_y: 180.945 212.377 219.368 155.932 208.019 186.941 167.832 177.848 153.945 
TRIAL_x: -1.57464e-06 9.81579 9.81579 -9.81579 9.81579 -1.57464e-06 -9.81579 -1.57464e-06 -9.81579 
TRIAL_y: -1.60419e-06 -1.60419e-06 -10 -1.60419e-06 10 -10 -10 10 10 
