version: 2.0.0
params: 171.955 185.097 0.368286 0.354116 -108.597 
accuracy: 1.19618
noise_level: 1.40315e-315
UTC: 1717514388956
