version: 2.0.0
params: 214.105 208.823 0.316926 0.308609 99.5131 
accuracy: 1.73368
noise_level: 3.43503e-310
UTC: 1717514388956
