version: 2.0.0
params: 90.0534 201.431 0.436352 0.43557 -110.017 
accuracy: 2.53974
noise_level: 0
UTC: 1709740401338
