version: 2.0.0
params: 308.563 214.252 0.44133 0.440634 102.044 
accuracy: 2.45594
noise_level: 6.27474e-310
UTC: 1709740401338
