OS_x: 99.0894 73.0268 120.415 104.255 88.9874 62.7245 79.8932 85.7158 102.63 
OS_y: 227.425 198.645 186.352 200.428 200.36 221.288 222.962 180.533 182.098 
TRIAL_x: 9.81579 -1.57464e-06 -9.81579 -1.57464e-06 -1.57464e-06 9.81579 9.81579 -9.81579 -9.81579 
TRIAL_y: -10 10 -10 -10 -1.60419e-06 10 -1.60419e-06 10 -1.60419e-06 
