OS_x: 97.97 113.364 120.587 109.143 157.1 134.297 132.979 86.8539 143.167 
OS_y: 176.635 153.239 178.112 205.027 160.005 155.064 209.692 202.034 181.909 
TRIAL_x: -1.57464e-06 -9.81579 -1.57464e-06 9.81579 -9.81579 -9.81579 9.81579 9.81579 -1.57464e-06 
TRIAL_y: 10 10 -1.60419e-06 -1.60419e-06 -10 -1.60419e-06 -10 10 -10 
