version: 2.0.0
params: 120.989 178.939 0.359172 0.365174 -107.768 
accuracy: 1.98531
noise_level: 0
UTC: 1734020230723
