version: 2.0.0
params: 283.001 205.661 0.380045 0.357359 106.406 
accuracy: 2.0861
noise_level: 6.14548e-310
UTC: 1734020230723
