version: 2.0.0
params: 145.768 194.199 0.378291 0.372496 -107.894 
accuracy: 1.50452
noise_level: 6.49524e-310
UTC: 1717600106169
