OS_x: 123.179 112.305 157.365 168.555 134.854 133.907 145.617 157.784 178.897 
OS_y: 189.784 217.387 169.045 197.087 219.862 167.823 193.955 224.21 177.371 
TRIAL_x: -1.57464e-06 9.81579 -9.81579 -1.57464e-06 9.81579 -9.81579 -1.57464e-06 9.81579 -9.81579 
TRIAL_y: 10 10 -1.60419e-06 -10 -1.60419e-06 10 -1.60419e-06 -10 -10 
