version: 2.0.0
params: 248.125 214.121 0.374482 0.354361 104.796 
accuracy: 1.41569
noise_level: -2.24307e-112
UTC: 1717600106169
