OS_x: 72.2739 84.9406 98.4884 116.435 124.811 91.0145 100.697 137.449 113.733 
OS_y: 204.159 178.676 158.551 159.338 185.374 206.645 187.564 164.72 209.533 
TRIAL_x: 9.81579 -1.57464e-06 -9.81579 -9.81579 -1.57464e-06 9.81579 -1.57464e-06 -9.81579 9.81579 
TRIAL_y: 10 10 10 -1.60419e-06 -10 -1.60419e-06 -1.60419e-06 -10 -10 
