version: 2.0.0
params: 294.06 204.618 0.390741 0.36796 105.265 
accuracy: 2.36015
noise_level: 3.42326e-310
UTC: 1725898752880
