version: 2.0.0
params: 104.51 183.858 0.390672 0.381685 -107.805 
accuracy: 2.40736
noise_level: 2.08002e-315
UTC: 1725898752880
