OS_x: 170.147 137.884 128.422 159.404 149.829 116.175 119.444 132.634 145.024 
OS_y: 186.395 203.691 228.248 207.114 182.301 222.213 199.842 178.605 224.187 
TRIAL_x: -9.81579 -1.57464e-06 9.81579 -1.57464e-06 -9.81579 9.81579 -1.57464e-06 -9.81579 9.81579 
TRIAL_y: -10 -1.60419e-06 -1.60419e-06 -10 -1.60419e-06 10 10 10 -10 
