version: 2.0.0
params: 140.909 204.299 0.447691 0.424131 -105.849 
accuracy: 2.23393
noise_level: 1.26934e-315
UTC: 1722963042412
