version: 2.0.0
params: 282.394 219.264 0.482883 0.427115 105.988 
accuracy: 2.24936
noise_level: 3.42326e-310
UTC: 1722963042412
