version: 2.0.0
params: 280.218 195.145 0.395687 0.379282 101.996 
accuracy: 4.40296
noise_level: 3.42326e-310
UTC: 1714146601146
