OS_x: 99.5323 103.54 78.5732 114.819 148.044 111.911 120.421 89.7768 137.382 
OS_y: 205.704 153.237 202.385 168.63 161.831 177.427 201.881 174.825 182.527 
TRIAL_x: 9.81579 -9.81579 9.81579 -9.81579 -9.81579 -1.57464e-06 9.81579 -1.57464e-06 -1.57464e-06 
TRIAL_y: -1.60419e-06 10 10 -1.60419e-06 -10 -1.60419e-06 -10 10 -10 
