version: 2.0.0
params: 112.614 180.039 0.361297 0.391236 -105.259 
accuracy: 2.57042
noise_level: 2.21325e-315
UTC: 1714146601146
