version: 2.0.0
params: 271.667 185.257 0.334099 0.310272 107.235 
accuracy: 2.2557
noise_level: 6.60294e-310
UTC: 1732639556966
