OS_x: 137.751 155.911 125.633 181.332 126.087 151.394 99.0219 128.044 167.862 
OS_y: 157.279 190.314 188.282 136.805 155.699 135.112 186.611 132.096 163.862 
TRIAL_x: -1.57464e-06 9.81579 9.81579 -9.81579 -1.57464e-06 -9.81579 9.81579 -9.81579 -1.57464e-06 
TRIAL_y: -1.60419e-06 -10 -1.60419e-06 -10 10 -1.60419e-06 10 10 -10 
