version: 2.0.0
params: 139.469 159.126 0.313591 0.348701 -106.401 
accuracy: 2.32267
noise_level: 0
UTC: 1732639556966
