version: 2.0.0
params: 270.034 195.429 0.33879 0.330278 100.267 
accuracy: 2.76653
noise_level: 6.90409e-310
UTC: 1729875701051
