version: 2.0.0
params: 139.662 180.022 0.359564 0.33214 -104.88 
accuracy: 2.07815
noise_level: 0
UTC: 1729875701051
