OS_x: 153.423 176.65 128.649 137.285 105.892 117.796 131.591 140.003 165.521 
OS_y: 213.375 160.974 208.348 143.691 204.506 177.124 154.232 179.575 184.947 
TRIAL_x: 9.81579 -9.81579 9.81579 -9.81579 9.81579 -1.57464e-06 -9.81579 -1.57464e-06 -1.57464e-06 
TRIAL_y: -10 -10 -1.60419e-06 -1.60419e-06 10 10 10 -1.60419e-06 -10 
