OS_x: 128.286 150.637 151.077 137.321 161.222 128.217 117.348 172.433 106.195 
OS_y: 164.059 163.252 216.903 185.355 189.806 211.889 182.031 166.994 208.266 
TRIAL_x: -9.81579 -9.81579 9.81579 -1.57464e-06 -1.57464e-06 9.81579 -1.57464e-06 -9.81579 9.81579 
TRIAL_y: 10 -1.60419e-06 -10 -1.60419e-06 -10 -1.60419e-06 10 -10 10 
