version: 2.0.0
params: 264.566 211.07 0.390435 0.362366 104.824 
accuracy: 1.819
noise_level: 3.42326e-310
UTC: 1726071152146
