version: 2.0.0
params: 138.385 186.615 0.385646 0.379013 -106.72 
accuracy: 1.78062
noise_level: 1.32443e-315
UTC: 1726071152146
