OS_x: 89.899 108.619 84.9165 73.6394 59.3816 76.3052 96.2271 64.6619 46.9865 
OS_y: 175.409 177.799 219.708 171.194 191.48 192.311 196.391 216.082 214.336 
TRIAL_x: -9.81579 -9.81579 9.81579 -9.81579 -1.57464e-06 -1.57464e-06 -1.57464e-06 9.81579 9.81579 
TRIAL_y: -1.60419e-06 -10 -10 10 10 -1.60419e-06 -10 -1.60419e-06 10 
