version: 2.0.0
params: 76.8648 193.443 0.411289 0.422346 -109.556 
accuracy: 2.51483
noise_level: 0
UTC: 1728505689840
