version: 2.0.0
params: 314.644 200.847 0.428773 0.425729 108.358 
accuracy: 2.04203
noise_level: 6.58983e-310
UTC: 1728505689840
