version: 2.0.0
params: 338.061 195.099 0.262226 0.421442 105.083 
accuracy: 4.27902
noise_level: -1.72909e-124
UTC: 1710341730044
