OS_x: 27.1674 44.1964 5.73742 22.7616 39.1319 54.9974 46.1458 25.7384 73.0619 
OS_y: 162.378 185.776 200.55 172.156 173.765 154.602 203.538 198.67 159.629 
TRIAL_x: -9.81579 -1.57464e-06 9.81579 -1.57464e-06 -1.57464e-06 -9.81579 9.81579 9.81579 -9.81579 
TRIAL_y: 10 -10 10 10 -1.60419e-06 -1.60419e-06 -10 -1.60419e-06 -10 
