version: 2.0.0
params: 38.1338 176.059 0.373371 0.392424 -111.349 
accuracy: 3.47638
noise_level: 6.21398e-310
UTC: 1710341730044
