version: 2.0.0
params: 286.707 201.866 0.399519 0.360108 105.935 
accuracy: 2.03006
noise_level: 1.48209e-303
UTC: 1722617666256
