version: 2.0.0
params: 131.237 175.027 0.362583 0.358348 -105.94 
accuracy: 1.46142
noise_level: 6.73907e-310
UTC: 1722617666256
