OS_x: 106.874 165.482 144.321 143.523 130.923 97.2723 155.453 120.399 117.916 
OS_y: 172.236 155.975 206.293 150.646 174.409 198.742 177.797 201.916 144.865 
TRIAL_x: -1.57464e-06 -9.81579 9.81579 -9.81579 -1.57464e-06 9.81579 -1.57464e-06 9.81579 -9.81579 
TRIAL_y: 10 -10 -10 -1.60419e-06 -1.60419e-06 10 -10 -1.60419e-06 10 
