version: 2.0.0
params: 285.956 196.491 0.37087 0.341918 106.284 
accuracy: 2.09619
noise_level: 6.92046e-310
UTC: 1730995813851
