version: 2.0.0
params: 120.075 176.619 0.358234 0.370904 -106.222 
accuracy: 1.81968
noise_level: 0
UTC: 1730995813851
