UTC: 1730995813851
INIT_latency: 0.153598
INIT_accel: 260.577
SS_gain: 0.653809
SS_sacc_amp: 6.49079
SS_prop_smooth: 0.35924
DIR_anisotropy: nan
DIR_asymmetry: nan
DIR_noise: 11.673
SPD_responsiveness: 1.625
SPD_noise: 4.47347
nFit: 1.04454
