OS_x: 95.7429 111.51 107.627 154.533 119.937 132.848 143.446 133.551 85.9936 
OS_y: 172.844 150.449 204.2 158.74 175.267 206.493 179.087 151.446 199.483 
TRIAL_x: -1.57464e-06 -9.81579 9.81579 -9.81579 -1.57464e-06 9.81579 -1.57464e-06 -9.81579 9.81579 
TRIAL_y: 10 10 -1.60419e-06 -10 -1.60419e-06 -10 -10 -1.60419e-06 10 
