version: 2.0.0
params: 139.863 170.302 0.310645 0.320533 -105.572 
accuracy: 3.86923
noise_level: 0
UTC: 1732554427401
