version: 2.0.0
params: 273.008 176.627 0.276204 0.307755 107.624 
accuracy: 3.93396
noise_level: 6.24625e-310
UTC: 1732554427401
