OS_x: 156.399 154.704 179.355 152.375 129.833 117.214 115.172 128.291 103.567 
OS_y: 205.357 145.08 149.178 156.438 143.772 143.271 167.707 199.006 196.788 
TRIAL_x: 9.81579 -9.81579 -9.81579 -1.57464e-06 -9.81579 -1.57464e-06 -1.57464e-06 9.81579 9.81579 
TRIAL_y: -10 -1.60419e-06 -10 -10 10 -1.60419e-06 10 -1.60419e-06 10 
