OS_x: 169.76 134.592 103.08 114.707 149.022 159.438 127.83 126.078 148.357 
OS_y: 170.165 187.666 212.666 186.125 219.366 192.231 163.68 211.759 165.525 
TRIAL_x: -9.81579 -1.57464e-06 9.81579 -1.57464e-06 9.81579 -1.57464e-06 -9.81579 9.81579 -9.81579 
TRIAL_y: -10 -1.60419e-06 10 10 -10 -10 10 -1.60419e-06 -1.60419e-06 
