version: 2.0.0
params: 294.561 203.399 0.382692 0.360901 106.924 
accuracy: 2.07503
noise_level: 6.2458e-310
UTC: 1735754768669
