version: 2.0.0
params: 135.039 187.924 0.377119 0.388608 -108.538 
accuracy: 1.82627
noise_level: 0
UTC: 1735754768669
