version: 2.0.0
params: 269.277 201.421 0.401625 0.388899 105.049 
accuracy: 1.85765
noise_level: 3.42326e-310
UTC: 1723477809668
