version: 2.0.0
params: 119.015 185.975 0.367762 0.383029 -109.167 
accuracy: 1.96274
noise_level: 1.34386e-315
UTC: 1723477809668
