OS_x: 132.291 155.109 118.997 97.4893 110.268 106.851 132.804 84.4539 142.445 
OS_y: 217.807 167.544 185.627 183.968 162.157 210.078 163.724 211.139 191.424 
TRIAL_x: 9.81579 -9.81579 -1.57464e-06 -1.57464e-06 -9.81579 9.81579 -9.81579 9.81579 -1.57464e-06 
TRIAL_y: -10 -10 -1.60419e-06 10 10 -1.60419e-06 -1.60419e-06 10 -10 
