OS_x: 134.78 125.17 125.922 150.201 84.5329 102.505 114.139 82.4026 105.475 
OS_y: 182.261 157.544 210.898 160.515 164.164 204.566 176.462 175.334 152.644 
TRIAL_x: -1.57464e-06 -9.81579 9.81579 -9.81579 -1.57464e-06 9.81579 -1.57464e-06 9.81579 -9.81579 
TRIAL_y: -10 -1.60419e-06 -10 -10 10 -1.60419e-06 -1.60419e-06 10 10 
