version: 2.0.0
params: 275.967 193.282 0.0439521 -0.0286296 24.556 
accuracy: 9.6482
noise_level: 3.42326e-310
UTC: 1714146436474
