version: 2.0.0
params: 113.055 176.227 0.366888 0.380526 -115.844 
accuracy: 2.04834
noise_level: 1.42399e-315
UTC: 1714146436474
