version: 2.0.0
params: 109.875 193.512 0.384732 0.422334 -105.995 
accuracy: 2.4681
noise_level: 1.34592e-315
UTC: 1718638728695
