OS_x: 100.036 109.173 77.8535 98.5242 109.987 88.5894 122.025 143.667 131.281 
OS_y: 213.978 194.055 214.828 169.288 209.341 190.25 170.199 175.335 196.78 
TRIAL_x: 9.81579 -1.57464e-06 9.81579 -9.81579 9.81579 -1.57464e-06 -9.81579 -9.81579 -1.57464e-06 
TRIAL_y: -1.60419e-06 -1.60419e-06 10 10 -10 10 -1.60419e-06 -10 -10 
