version: 2.0.0
params: 290.387 203.664 0.459468 0.443719 107.873 
accuracy: 2.59271
noise_level: 3.42326e-310
UTC: 1718638728695
