version: 2.0.0
params: 351.437 197.528 0.46059 0.436904 109.809 
accuracy: 2.60381
noise_level: -1.34581e-142
UTC: 1710341566163
