version: 2.0.0
params: 33.753 184.271 0.465107 0.466159 -112.251 
accuracy: 2.34984
noise_level: 6.21398e-310
UTC: 1710341566163
