OS_x: 31.8126 44.911 22.3742 38.6335 64.2661 32.2361 15.8787 6.73355 50.0342 
OS_y: 183.995 165.419 204.311 207.671 167.19 160.483 180.159 196.949 186.2 
TRIAL_x: -1.57464e-06 -9.81579 9.81579 9.81579 -9.81579 -9.81579 -1.57464e-06 9.81579 -1.57464e-06 
TRIAL_y: -1.60419e-06 -1.60419e-06 -1.60419e-06 -10 -10 10 10 10 -10 
