version: 2.0.0
params: 263.859 222.812 0.383634 0.354431 104.408 
accuracy: 1.77453
noise_level: 6.73359e+247
UTC: 1708445615871
