OS_x: 126.901 88.2884 116.916 110.111 147.512 106.675 128.321 137.652 97.8013 
OS_y: 213.049 205.217 184.13 162.201 167.468 208.956 163.788 188.433 182.558 
TRIAL_x: 9.81579 9.81579 -1.57464e-06 -9.81579 -9.81579 9.81579 -9.81579 -1.57464e-06 -1.57464e-06 
TRIAL_y: -10 10 -1.60419e-06 10 -10 -1.60419e-06 -1.60419e-06 -10 10 
