version: 2.0.0
params: 117.34 185.144 0.424795 0.402647 -106.836 
accuracy: 1.91268
noise_level: 6.29911e-310
UTC: 1708445615871
