OS_x: 177.37 113.146 126.005 101.802 151.915 153.758 128.086 164.944 137.984 
OS_y: 152.798 171.227 204.102 201.051 147.975 209.311 146.586 177.942 172.258 
TRIAL_x: -9.81579 -1.57464e-06 9.81579 9.81579 -9.81579 9.81579 -9.81579 -1.57464e-06 -1.57464e-06 
TRIAL_y: -10 10 -1.60419e-06 10 -1.60419e-06 -10 10 -10 -1.60419e-06 
