version: 2.0.0
params: 139.03 174.808 0.331521 0.327273 -105.982 
accuracy: 1.81706
noise_level: 0
UTC: 1731426729238
