version: 2.0.0
params: 279.546 179.51 0.331215 0.314333 105.61 
accuracy: 1.92544
noise_level: 6.90163e-310
UTC: 1731426729238
