version: 2.0.0
params: 31.8011 91.5572 0.458656 0.00143525 -134.752 
accuracy: 6.42987
noise_level: 0
UTC: 1706052060743
