OS_x: 48.6839 62.3519 1.13194 28.9839 26.4848 23.3077 43.5665 37.7574 31.8926 
OS_y: 157.471 139.987 9.76032 132.469 138.68 160.938 134.931 175.484 153.272 
TRIAL_x: -1.57464e-06 -9.81579 9.81579 -9.81579 -1.57464e-06 9.81579 -9.81579 9.81579 -1.57464e-06 
TRIAL_y: -10 -10 10 10 10 -1.60419e-06 -1.60419e-06 -10 -1.60419e-06 
