version: 2.0.0
params: 297.446 4571.67 0.0572104 -0.000119833 273.108 
accuracy: 8.59324
noise_level: 6.9345e-310
UTC: 1706052060743
