OS_x: 45.6471 13.9542 65.7723 52.5035 27.3523 33.3694 61.1035 78.7635 41.1329 
OS_y: 178.623 200.351 182.522 205.741 176.645 200.29 158.775 162.322 157.825 
TRIAL_x: -1.57464e-06 9.81579 -1.57464e-06 9.81579 -1.57464e-06 9.81579 -9.81579 -9.81579 -9.81579 
TRIAL_y: -1.60419e-06 10 -10 -10 10 -1.60419e-06 -1.60419e-06 -10 10 
