version: 2.0.0
params: 338.466 201.018 0.435445 0.425259 108.275 
accuracy: 2.4174
noise_level: 6.75652e-310
UTC: 1712938730535
