version: 2.0.0
params: 45.6471 178.623 0.394525 0.418189 -109.996 
accuracy: 2.54243
noise_level: 0
UTC: 1712938730535
