version: 2.0.0
params: 148.842 178.415 0.355337 0.354616 -105.627 
accuracy: 1.79455
noise_level: 0
UTC: 1731348465939
