version: 2.0.0
params: 273.035 203.461 0.362781 0.333436 106.721 
accuracy: 2.01764
noise_level: 6.81431e-310
UTC: 1731348465939
