OS_x: 159.955 135.112 148.61 138.032 113.727 125.114 173.832 184.578 162.73 
OS_y: 153.81 205.327 177.199 152.5 202.719 175.641 181.691 157.378 210.904 
TRIAL_x: -9.81579 9.81579 -1.57464e-06 -9.81579 9.81579 -1.57464e-06 -1.57464e-06 -9.81579 9.81579 
TRIAL_y: -1.60419e-06 -1.60419e-06 -1.60419e-06 10 10 10 -10 -10 -10 
