version: 2.0.0
params: 322.737 202.569 0.431305 0.383842 110.414 
accuracy: 2.67393
noise_level: -4.09231e+14
UTC: 1708965645215
