version: 2.0.0
params: 89.0801 191.992 0.411924 0.427694 -108.832 
accuracy: 2.10323
noise_level: 6.79633e-310
UTC: 1708965645215
