OS_x: 59.7335 88.4352 70.4542 98.5029 101.808 78.4132 109.236 120.608 83.2484 
OS_y: 212.508 191.425 189.317 218.221 171.514 214.17 195.415 176.661 170.623 
TRIAL_x: 9.81579 -1.57464e-06 -1.57464e-06 9.81579 -9.81579 9.81579 -1.57464e-06 -9.81579 -9.81579 
TRIAL_y: 10 -1.60419e-06 10 -10 -1.60419e-06 -1.60419e-06 -10 -10 10 
