version: 2.0.0
params: 348.99 -622.62 -0.0696343 -0.000449498 135.755 
accuracy: 8.98512
noise_level: -1.63645e-232
UTC: 1706052738178
