version: 2.0.0
params: 68.0453 177.73 0.510201 0.459876 -103.019 
accuracy: 5.82101
noise_level: 6.9345e-310
UTC: 1706052738178
