OS_x: 58.4052 79.5484 73.09 55.4487 64.4429 77.0081 60.6252 69.5723 87.1416 
OS_y: 153.485 162.123 154.78 176.449 162.473 200.478 198.114 178.909 182.628 
TRIAL_x: -9.81579 -9.81579 9.81579 -1.57464e-06 -9.81579 9.81579 9.81579 -1.57464e-06 -1.57464e-06 
TRIAL_y: -1.60419e-06 -10 10 10 10 -10 -1.60419e-06 -1.60419e-06 -10 
