version: 2.0.0
params: 295.273 207.85 0.398348 0.365057 108.282 
accuracy: 2.40751
noise_level: 6.7616e-310
UTC: 1733774861186
