version: 2.0.0
params: 106.707 180.093 0.391691 0.371161 -105 
accuracy: 2.21609
noise_level: 0
UTC: 1733774861186
