OS_x: 120.205 85.7555 73.8542 117.502 130.115 106.286 137.854 94.5381 101.075 
OS_y: 157.095 177.59 203.885 208.592 182.484 178.092 161.521 205.215 155.553 
TRIAL_x: -9.81579 -1.57464e-06 9.81579 9.81579 -1.57464e-06 -1.57464e-06 -9.81579 9.81579 -9.81579 
TRIAL_y: -1.60419e-06 10 10 -10 -10 -1.60419e-06 -10 -1.60419e-06 10 
