version: 2.0.0
params: 291.004 189.217 0.375282 0.37149 109.779 
accuracy: 2.20643
noise_level: 3.42326e-310
UTC: 1713194679712
