version: 2.0.0
params: 110.594 171.56 0.343885 0.345026 -112.965 
accuracy: 3.37552
noise_level: 2.27089e-315
UTC: 1713194679712
