OS_x: 99.4564 148.421 135.758 122.505 103.447 55.8555 123.86 110.594 87.05 
OS_y: 197.755 153.364 177.396 206.374 152.653 147.098 149.773 171.56 168.68 
TRIAL_x: 9.81579 -9.81579 -1.57464e-06 9.81579 -9.81579 9.81579 -9.81579 -1.57464e-06 -1.57464e-06 
TRIAL_y: -1.60419e-06 -10 -10 -10 10 10 -1.60419e-06 -1.60419e-06 10 
