version: 2.0.0
params: 324.786 4075.22 -0.106953 1.11022e-16 225.533 
accuracy: 9.11725
noise_level: 1.29039e+74
UTC: 1711983242523
