OS_x: 31.6974 45.4003 52.8597 32.3777 59.0019 114.032 105.175 112.422 82.4268 
OS_y: 180.675 180.75 206.852 201.688 192.541 159.716 144.359 171.947 143.598 
TRIAL_x: -1.57464e-06 -1.57464e-06 9.81579 9.81579 9.81579 -9.81579 -9.81579 -1.57464e-06 -9.81579 
TRIAL_y: 10 -1.60419e-06 -10 -1.60419e-06 10 -10 -1.60419e-06 -10 10 
