version: 2.0.0
params: 60.9944 175.528 0.148573 0.338187 -115.667 
accuracy: 5.72442
noise_level: 6.56831e-310
UTC: 1711983242523
