OS_x: 132.089 157.845 133.306 118.795 143.121 105.7 110.348 95.2771 82.421 
OS_y: 196.235 143.88 138.076 163.41 167.976 190.491 137.821 161.316 189.305 
TRIAL_x: 9.81579 -9.81579 -9.81579 -1.57464e-06 -1.57464e-06 9.81579 -9.81579 -1.57464e-06 9.81579 
TRIAL_y: -10 -10 -1.60419e-06 -1.60419e-06 -10 -1.60419e-06 10 10 10 
