version: 2.0.0
params: 302.225 189.865 0.329199 0.311948 106.765 
accuracy: 2.38925
noise_level: 6.40229e-310
UTC: 1734379565573
