version: 2.0.0
params: 118.798 163.418 0.335949 0.349932 -108.415 
accuracy: 2.00887
noise_level: 0
UTC: 1734379565573
