version: 2.0.0
params: 143.639 192.828 0.394871 0.384937 -105.914 
accuracy: 2.39675
noise_level: 0
UTC: 1730216536606
