OS_x: 134.516 166.647 178.322 111.745 131.954 148.389 157.404 121.929 143.677 
OS_y: 165.82 193.796 172.35 215.06 216.829 185.366 222.893 188.036 190.001 
TRIAL_x: -9.81579 -1.57464e-06 -9.81579 9.81579 9.81579 -9.81579 9.81579 -1.57464e-06 -1.57464e-06 
TRIAL_y: 10 -10 -10 10 -1.60419e-06 -1.60419e-06 -10 10 -1.60419e-06 
