version: 2.0.0
params: 279.882 200.991 0.382728 0.368843 105.408 
accuracy: 2.36629
noise_level: 6.09077e-310
UTC: 1730216536606
