OS_x: 88.8616 98.4948 116.301 128.513 86.1481 103.241 64.071 70.7003 103.925 
OS_y: 205.574 180.146 184.037 163.174 157.73 210.245 203.763 185.318 158.383 
TRIAL_x: 9.81579 -1.57464e-06 -1.57464e-06 -9.81579 -9.81579 9.81579 9.81579 -1.57464e-06 -9.81579 
TRIAL_y: -1.60419e-06 -1.60419e-06 -10 -10 10 -10 10 10 -1.60419e-06 
