version: 2.0.0
params: 96.3778 182.06 0.382351 0.393006 -104.531 
accuracy: 2.04224
noise_level: 2.28554e-315
UTC: 1717172797820
