version: 2.0.0
params: 270.838 210.931 0.408166 0.361777 108.519 
accuracy: 2.05724
noise_level: 3.42326e-310
UTC: 1717172797820
