OS_x: 181.812 115.767 150.782 137.192 159.056 124.292 170.678 146.749 136.179 
OS_y: 171.316 213.461 220.526 215.931 166.933 186.84 193.66 188.635 164.866 
TRIAL_x: -9.81579 9.81579 9.81579 9.81579 -9.81579 -1.57464e-06 -1.57464e-06 -1.57464e-06 -9.81579 
TRIAL_y: -10 10 -10 -1.60419e-06 -1.60419e-06 10 -10 -1.60419e-06 10 
