version: 2.0.0
params: 147.797 190.864 0.375136 0.371866 -106.157 
accuracy: 2.03461
noise_level: 1.40735e-315
UTC: 1718035038248
