version: 2.0.0
params: 258.223 212.923 0.407461 0.345597 102.299 
accuracy: 1.81932
noise_level: 3.42326e-310
UTC: 1718035038248
