OS_x: 90.8668 125.891 138.77 127.104 104.966 101.899 113.897 150.736 80.1432 
OS_y: 175.96 209.005 181.436 153.561 154.183 205.151 177.109 158.869 202.023 
TRIAL_x: -1.57464e-06 9.81579 -1.57464e-06 -9.81579 -9.81579 9.81579 -1.57464e-06 -9.81579 9.81579 
TRIAL_y: 10 -10 -10 -1.60419e-06 10 -1.60419e-06 -1.60419e-06 -10 10 
