version: 2.0.0
params: 286.142 199.268 0.368552 0.334342 106.149 
accuracy: 1.96569
noise_level: 3.43141e-310
UTC: 1724944408470
