version: 2.0.0
params: 114.729 178.549 0.350664 0.357917 -106.024 
accuracy: 1.9803
noise_level: 2.17726e-315
UTC: 1724944408470
