version: 2.0.0
params: 275.957 193.937 0.35988 0.344163 104.156 
accuracy: 2.53035
noise_level: 3.42326e-310
UTC: 1726603085793
