version: 2.0.0
params: 76.323 167.686 0.353817 0.364359 -108.488 
accuracy: 2.37649
noise_level: 6.15276e-310
UTC: 1710776692107
