OS_x: 91.8142 76.3226 112.887 99.1994 41.3377 55.73 86.9135 62.0274 70.5606 
OS_y: 145.23 167.685 149.118 171.735 192.555 164.677 197.809 194.16 144.241 
TRIAL_x: -9.81579 -1.57464e-06 -9.81579 -1.57464e-06 9.81579 -1.57464e-06 9.81579 9.81579 -9.81579 
TRIAL_y: -1.60419e-06 -1.60419e-06 -10 -10 10 10 -10 -1.60419e-06 10 
