version: 2.0.0
params: 319.591 185.929 0.36009 0.343357 105.991 
accuracy: 2.24684
noise_level: -5.03961e+195
UTC: 1710776692107
