UTC: 1710776692107
InitLatency: 0.167771
InitAccel: 206.311
DIR_noise: 21.2836
SS_gain: 0.64961
SS_sacc_amp: 5.70173
SS_prop_smooth: 0.248655
SPD_reponsiveness: 2.85
SPD_noise: 2.8014
nFit: 1.21245
