OS_x: 167.531 125.778 141.103 196.358 146.247 181.823 141.583 115.956 153.81 
OS_y: 132.164 157.097 130.688 136.722 155.448 163.735 187.427 186.41 157.839 
TRIAL_x: -9.81579 -1.57464e-06 -9.81579 -9.81579 9.81579 -1.57464e-06 9.81579 9.81579 -1.57464e-06 
TRIAL_y: -1.60419e-06 10 10 -10 -10 -10 -1.60419e-06 10 -1.60419e-06 
