version: 2.0.0
params: 155.66 159.667 0.294218 0.318708 -103.068 
accuracy: 3.27681
noise_level: 0
UTC: 1730822465658
