version: 2.0.0
params: 261.121 184.291 0.323757 0.28348 112.147 
accuracy: 3.17669
noise_level: 6.57829e-310
UTC: 1730822465658
