OS_x: 154.799 109.872 86.1977 132.674 119.483 132.97 143.846 108.694 110.9 
OS_y: 159.613 174.207 201.475 154.178 176.396 208.137 180.808 203.615 152.609 
TRIAL_x: -9.81579 -1.57464e-06 9.81579 -9.81579 -1.57464e-06 9.81579 -1.57464e-06 9.81579 -9.81579 
TRIAL_y: -10 10 10 -1.60419e-06 -1.60419e-06 -10 -10 -1.60419e-06 10 
