version: 2.0.0
params: 283.971 199.699 0.395839 0.380223 105.063 
accuracy: 2.44173
noise_level: 3.42326e-310
UTC: 1713973813706
