version: 2.0.0
params: 120.219 177.083 0.366109 0.368131 -108.058 
accuracy: 2.22865
noise_level: 2.23079e-315
UTC: 1713973813706
