version: 2.0.0
params: 359.912 190.643 0.385701 0.419893 109.745 
accuracy: 4.18654
noise_level: 8.16636e+107
UTC: 1709836697251
