OS_x: 56.6 28.8513 60.6797 12.7965 41.2097 39.4003 27.4735 48.2116 74.0094 
OS_y: 161.642 202.82 182.479 200.193 178.636 158.176 176.26 205.086 163.586 
TRIAL_x: -9.81579 9.81579 -1.57464e-06 9.81579 -1.57464e-06 -9.81579 -1.57464e-06 9.81579 -9.81579 
TRIAL_y: -1.60419e-06 -1.60419e-06 -10 10 -1.60419e-06 10 10 -10 -10 
