version: 2.0.0
params: 41.9551 179.417 0.412337 0.415013 -110.652 
accuracy: 2.85409
noise_level: 6.09327e-310
UTC: 1709836697251
