OS_x: 163.435 149.17 174.784 162.473 137.44 113.813 139.178 187.901 126.384 
OS_y: 212.767 178.237 182.659 154.299 205.563 203.981 152.038 158.473 175.463 
TRIAL_x: 9.81579 -1.57464e-06 -1.57464e-06 -9.81579 9.81579 9.81579 -9.81579 -9.81579 -1.57464e-06 
TRIAL_y: -10 -1.60419e-06 -10 -1.60419e-06 -1.60419e-06 10 10 -10 10 
