version: 2.0.0
params: 263.724 204.826 0.354105 0.334862 106.201 
accuracy: 1.8232
noise_level: 6.81431e-310
UTC: 1731348302550
