version: 2.0.0
params: 149.67 179.095 0.347651 0.354581 -108.11 
accuracy: 1.78447
noise_level: 0
UTC: 1731348302550
