version: 2.0.0
params: 251.653 217.561 0.401825 0.356498 107.656 
accuracy: 2.16634
noise_level: 6.44127e-310
UTC: 1718120054525
