version: 2.0.0
params: 109.444 178.302 0.365397 0.354078 -108.974 
accuracy: 2.18706
noise_level: 0
UTC: 1718120054525
