OS_x: 102.395 145.578 109.027 121.351 75.8387 88.4426 128.605 122.228 96.9323 
OS_y: 151.565 159.051 177.929 210.459 201.545 174.58 176.441 153.517 205.097 
TRIAL_x: -9.81579 -9.81579 -1.57464e-06 9.81579 9.81579 -1.57464e-06 -1.57464e-06 -9.81579 9.81579 
TRIAL_y: 10 -10 -1.60419e-06 -10 10 10 -10 -1.60419e-06 -1.60419e-06 
