OS_x: 30.4148 15.7132 29.1916 62.8068 57.8145 48.9694 76.6858 38.9745 39.4739 
OS_y: 163.127 199.272 204.788 183.609 158.935 209.055 164.275 180.003 158 
TRIAL_x: -1.57464e-06 9.81579 9.81579 -1.57464e-06 -9.81579 9.81579 -9.81579 -1.57464e-06 -9.81579 
TRIAL_y: 10 10 -1.60419e-06 -10 -1.60419e-06 -10 -10 -1.60419e-06 10 
