version: 2.0.0
params: 339.705 186.738 0.353612 0.353735 107.783 
accuracy: 4.49179
noise_level: 1.00236e+17
UTC: 1709919227502
