version: 2.0.0
params: 43.5905 179.279 0.41456 0.382125 -116.503 
accuracy: 2.85108
noise_level: 6.46656e-310
UTC: 1709919227502
