version: 2.0.0
params: 267.594 199.686 0.404682 0.376472 105.303 
accuracy: 1.78589
noise_level: 3.42326e-310
UTC: 1725034979903
