OS_x: 108.853 98.3852 122.521 130.275 86.4064 146.786 135.507 111.228 158.455 
OS_y: 206.228 176.683 177.356 203.688 202.739 181.655 153.431 151.445 158.358 
TRIAL_x: 9.81579 -1.57464e-06 -1.57464e-06 9.81579 9.81579 -1.57464e-06 -9.81579 -9.81579 -9.81579 
TRIAL_y: -1.60419e-06 10 -1.60419e-06 -10 10 -10 -1.60419e-06 10 -10 
