version: 2.0.0
params: 122.68 178.168 0.340932 0.348235 -104.975 
accuracy: 2.1632
noise_level: 1.46977e-315
UTC: 1725034979903
