version: 2.0.0
params: 134.223 184.825 0.370519 0.366832 -106.03 
accuracy: 1.54236
noise_level: 2.18377e-315
UTC: 1726071309444
