OS_x: 126.907 170.077 113.534 133.673 154.005 114.027 148.421 149.086 104.917 
OS_y: 210.543 167.551 149.376 184.857 188.72 183.045 161.841 214.887 207.884 
TRIAL_x: 9.81579 -9.81579 -9.81579 -1.57464e-06 -1.57464e-06 -1.57464e-06 -9.81579 9.81579 9.81579 
TRIAL_y: -1.60419e-06 -10 10 -1.60419e-06 -10 10 -1.60419e-06 -10 10 
