version: 2.0.0
params: 265.961 208.836 0.418508 0.390664 110.537 
accuracy: 3.2432
noise_level: 3.42779e-310
UTC: 1726071309444
