OS_x: 84.2448 66.2687 127.647 92.439 82.25 115.695 104.881 74.0071 101.39 
OS_y: 151.146 187.606 157.547 173.637 198.543 178.608 182.347 170.969 158.359 
TRIAL_x: -9.81579 9.81579 -9.81579 -1.57464e-06 9.81579 -1.57464e-06 9.81579 -1.57464e-06 -9.81579 
TRIAL_y: 10 10 -10 -1.60419e-06 -1.60419e-06 -10 -10 10 -1.60419e-06 
