version: 2.0.0
params: 94.6235 174.609 0.434944 0.511851 -106.125 
accuracy: 2.32934
noise_level: 2.07129e-315
UTC: 1715966950722
