version: 2.0.0
params: 296.969 215.584 0.474207 0.456797 106.635 
accuracy: 2.99318
noise_level: 3.42869e-310
UTC: 1715966950722
