version: 2.0.0
params: 46.326 200.05 0.514514 0.511878 -109.072 
accuracy: 3.25562
noise_level: 6.41538e-310
UTC: 1709137911951
