version: 2.0.0
params: 350.627 199.626 0.598014 0.559985 112.136 
accuracy: 4.21463
noise_level: 7.19039e-74
UTC: 1709137911951
