OS_x: 57.5797 45.8135 32.2287 45.7164 70.7245 62.2781 21.2139 32.2771 50.9332 
OS_y: 184.268 200.926 197.237 178.401 184.002 201.581 217.059 211.217 218.869 
TRIAL_x: -9.81579 -1.57464e-06 -1.57464e-06 -9.81579 -9.81579 -1.57464e-06 9.81579 9.81579 9.81579 
TRIAL_y: -1.60419e-06 -1.60419e-06 10 10 -10 -10 10 -1.60419e-06 -10 
