version: 2.0.0
params: 340.354 204.858 0.331151 0.378063 111.216 
accuracy: 5.07925
noise_level: -3.84217e-97
UTC: 1709309947438
