OS_x: 29.891 78.0871 9.70161 83.6206 9.32613 74.4193 0 62.0039 64.2719 
OS_y: 118.317 176.67 34.7039 170.345 28.379 177.963 0 173.991 194.344 
TRIAL_x: 9.81579 -9.81579 9.81579 -9.81579 9.81579 -1.57464e-06 -1.57464e-06 -9.81579 -1.57464e-06 
TRIAL_y: -1.60419e-06 -1.60419e-06 10 -10 -10 -10 10 10 -1.60419e-06 
