version: 2.0.0
params: 51.3189 152.768 0.269543 0.0126181 -147.154 
accuracy: 8.17209
noise_level: 6.39925e-310
UTC: 1709309947438
