version: 2.0.0
params: 295.943 205.733 0.406375 0.384354 108.051 
accuracy: 2.21449
noise_level: 3.4305e-310
UTC: 1723146814165
