version: 2.0.0
params: 118.058 188.359 0.413332 0.405425 -110.372 
accuracy: 2.03351
noise_level: 2.13733e-315
UTC: 1723146814165
