OS_x: 135.697 106.636 128.562 117.345 151.715 110.085 128.57 86.789 99.4232 
OS_y: 192.111 212.227 166.395 186.695 169.845 163.638 216.643 210.021 183.768 
TRIAL_x: -1.57464e-06 9.81579 -9.81579 -1.57464e-06 -9.81579 -9.81579 9.81579 9.81579 -1.57464e-06 
TRIAL_y: -10 -1.60419e-06 -1.60419e-06 -1.60419e-06 -10 10 -10 10 10 
