version: 2.0.0
params: 138.88 193.948 0.390508 0.399977 -106.048 
accuracy: 1.64545
noise_level: 1.29619e-315
UTC: 1724778139868
