version: 2.0.0
params: 273.138 215.82 0.421575 0.385055 106.49 
accuracy: 1.76018
noise_level: 3.42326e-310
UTC: 1724778139868
