OS_x: 116.536 137.863 161.358 107.148 151.767 171.954 128.72 148.912 128.468 
OS_y: 190.049 192.263 196.56 215.412 222.426 175.433 170.462 171.382 217.949 
TRIAL_x: -1.57464e-06 -1.57464e-06 -1.57464e-06 9.81579 9.81579 -9.81579 -9.81579 -9.81579 9.81579 
TRIAL_y: 10 -1.60419e-06 -10 10 -10 -10 10 -1.60419e-06 -1.60419e-06 
