OS_x: 112.879 135.057 74.5774 84.651 89.7926 110.385 98.0874 121.906 62.3822 
OS_y: 149.256 153.781 170.304 201.62 146.163 206.333 175.313 177.452 198.335 
TRIAL_x: -9.81579 -9.81579 -1.57464e-06 9.81579 -9.81579 9.81579 -1.57464e-06 -1.57464e-06 9.81579 
TRIAL_y: -1.60419e-06 -10 10 -1.60419e-06 10 -10 -1.60419e-06 -10 10 
