version: 2.0.0
params: 98.0874 175.313 0.352106 0.349994 -107.524 
accuracy: 1.93166
noise_level: 2.95829e-315
UTC: 1716308311654
