UTC: 1716308311654
InitLatency: 0.161077
InitAccel: 220.46
DIR_noise: 10.5351
SS_gain: 0.599711
SS_sacc_amp: 5.38589
SS_prop_smooth: 0.297055
SPD_reponsiveness: 1.025
SPD_noise: 4.84481
nFit: -0.103484
