version: 2.0.0
params: 247.656 197.677 0.338489 0.334567 103.449 
accuracy: 1.51924
noise_level: 3.42326e-310
UTC: 1716308311654
