version: 2.0.0
params: 121.672 184.643 0.424538 0.418719 -107.132 
accuracy: 2.97523
noise_level: 0
UTC: 1732118951245
