OS_x: 134.608 116.046 135.906 100.892 121.941 111.391 146.088 91.2939 131.528 
OS_y: 211.78 161.108 159.996 179.948 181.759 207.886 186.155 206.605 176.409 
TRIAL_x: 9.81579 -9.81579 -9.81579 -1.57464e-06 -1.57464e-06 9.81579 -1.57464e-06 9.81579 -9.81579 
TRIAL_y: -10 10 -1.60419e-06 10 -1.60419e-06 -1.60419e-06 -10 10 -10 
