version: 2.0.0
params: 294.932 201.06 0.379402 0.347991 106.042 
accuracy: 2.93249
noise_level: 6.42404e-310
UTC: 1732118951245
