version: 2.0.0
params: 277.268 193.319 0.35449 0.326703 105.182 
accuracy: 1.86713
noise_level: 6.23963e-310
UTC: 1730735747325
