OS_x: 180.396 143.757 157.235 134.375 159.166 110.64 122.578 133.634 170.328 
OS_y: 169.373 188.931 164.856 162.745 221.621 213.249 186.291 215.62 193.034 
TRIAL_x: -9.81579 -1.57464e-06 -9.81579 -9.81579 9.81579 9.81579 -1.57464e-06 9.81579 -1.57464e-06 
TRIAL_y: -10 -1.60419e-06 -1.60419e-06 10 -10 10 10 -1.60419e-06 -10 
