version: 2.0.0
params: 144.739 189.501 0.360405 0.361789 -106.468 
accuracy: 1.66386
noise_level: 0
UTC: 1730735747325
