OS_x: 68.0013 70.7436 85.9832 90.5174 96.3271 105.769 99.2171 72.509 65.4832 
OS_y: 174.701 192.681 161.638 181.674 205.995 185.478 162.147 204.252 180.059 
TRIAL_x: -9.81579 9.81579 -9.81579 -1.57464e-06 9.81579 -1.57464e-06 -9.81579 9.81579 -1.57464e-06 
TRIAL_y: -10 10 10 -1.60419e-06 -10 -10 -1.60419e-06 -1.60419e-06 10 
