version: 2.0.0
params: 333.132 204.061 0.436366 0.418454 111.867 
accuracy: 4.7549
noise_level: 6.94726e-310
UTC: 1709222812566
