version: 2.0.0
params: 88.4832 181.979 0.388212 0.478943 -113.25 
accuracy: 5.00616
noise_level: 0
UTC: 1709222812566
