version: 2.0.0
params: 125.595 178.364 0.355622 0.350066 -107.34 
accuracy: 1.90499
noise_level: 0
UTC: 1730476630124
