version: 2.0.0
params: 289.709 194.847 0.354975 0.337201 107.036 
accuracy: 2.21927
noise_level: 6.37398e-310
UTC: 1730476630124
