OS_x: 124.021 149.578 113.413 138.378 102.413 117.415 162.141 91.1252 138.059 
OS_y: 176.663 181.554 205.707 210.532 174.835 151.133 158.096 202.534 153.105 
TRIAL_x: -1.57464e-06 -1.57464e-06 9.81579 9.81579 -1.57464e-06 -9.81579 -9.81579 9.81579 -9.81579 
TRIAL_y: -1.60419e-06 -10 -1.60419e-06 -10 10 10 -10 10 -1.60419e-06 
