UTC: 1724688255230
InitLatency: 0.171084
InitAccel: 229.413
DIR_noise: 10.0127
SS_gain: 0.612373
SS_sacc_amp: 5.49818
SS_prop_smooth: 0.428525
SPD_reponsiveness: 1.3
SPD_noise: 2.77357
nFit: 0.55289
