OS_x: 133.528 116.619 103.419 112.697 147.144 123.648 92.1674 135.378 159.024 
OS_y: 209.092 160.223 179.807 210.778 187.326 181.756 206.455 160.684 164.663 
TRIAL_x: 9.81579 -9.81579 -1.57464e-06 9.81579 -1.57464e-06 -1.57464e-06 9.81579 -9.81579 -9.81579 
TRIAL_y: -10 10 10 -1.60419e-06 -10 -1.60419e-06 10 -1.60419e-06 -10 
