version: 2.0.0
params: 282.959 210.528 0.427325 0.378859 106.213 
accuracy: 1.95479
noise_level: -nan
UTC: 1724688255230
