version: 2.0.0
params: 125.125 184.146 0.377909 0.375284 -106.154 
accuracy: 2.15579
noise_level: 2.02369e-320
UTC: 1724688255230
