OS_x: 78.5239 100.974 108.498 103.046 138.854 90.5455 119.275 127.065 117.511 
OS_y: 181.859 200.759 183.046 163.647 167.786 181.391 165.103 188.461 211.641 
TRIAL_x: 9.81579 9.81579 -1.57464e-06 -9.81579 -9.81579 -1.57464e-06 -9.81579 -1.57464e-06 9.81579 
TRIAL_y: 10 -1.60419e-06 -1.60419e-06 10 -10 10 -1.60419e-06 -10 -10 
