version: 2.0.0
params: 109.608 182.976 0.471434 0.486816 -117.085 
accuracy: 2.12584
noise_level: 6.29905e-310
UTC: 1708445805677
