version: 2.0.0
params: 267.594 224.528 0.380164 0.3546 106.858 
accuracy: 3.06906
noise_level: -1.04252e+47
UTC: 1708445805677
