version: 2.0.0
params: 272.652 198.651 0.391425 0.342438 106.748 
accuracy: 2.30688
noise_level: 6.7669e-310
UTC: 1718383435484
