OS_x: 70.8574 91.6455 115.191 119.065 125.832 95.1297 84.0777 138.825 103.885 
OS_y: 215.203 217.815 219.445 170.823 196.96 170.345 188.818 173.065 192.229 
TRIAL_x: 9.81579 9.81579 9.81579 -9.81579 -1.57464e-06 -9.81579 -1.57464e-06 -9.81579 -1.57464e-06 
TRIAL_y: 10 -1.60419e-06 -10 -1.60419e-06 -10 10 10 -10 -1.60419e-06 
