version: 2.0.0
params: 103.932 192.321 0.377861 0.387474 -107.189 
accuracy: 2.22418
noise_level: 0
UTC: 1718383435484
