version: 2.0.0
params: 123.07 161.966 0.363495 0.390014 -112.339 
accuracy: 2.54158
noise_level: 6.93123e-310
UTC: 1717085003182
