version: 2.0.0
params: 221.818 204.857 -0.0705316 0.0394064 206.474 
accuracy: 9.21828
noise_level: 2.40343e+189
UTC: 1717085003182
