OS_x: 134.376 98.9148 149.481 82.44 138.241 116.836 123.269 152.8 105.375 
OS_y: 195.529 159.768 166.451 183.332 137.322 136.246 161.905 147.242 173.589 
TRIAL_x: 9.81579 -1.57464e-06 -1.57464e-06 9.81579 -9.81579 -9.81579 -1.57464e-06 -9.81579 9.81579 
TRIAL_y: -10 10 -10 10 -1.60419e-06 10 -1.60419e-06 -10 -1.60419e-06 
