version: 2.0.0
params: 143.757 171.525 0.322808 0.331493 -105.119 
accuracy: 1.80653
noise_level: 0
UTC: 1730128699411
