version: 2.0.0
params: 269.698 191.075 0.333424 0.318175 106.622 
accuracy: 1.90618
noise_level: 6.37164e-310
UTC: 1730128699411
