OS_x: 105.426 138.732 156.835 117.885 132.252 160.462 172.138 133.459 182.677 
OS_y: 196.723 172.754 144.208 166.389 199.899 204.205 172.423 141.341 148.558 
TRIAL_x: 9.81579 -1.57464e-06 -9.81579 -1.57464e-06 9.81579 9.81579 -1.57464e-06 -9.81579 -9.81579 
TRIAL_y: 10 -1.60419e-06 -1.60419e-06 10 -1.60419e-06 -10 -10 10 -10 
