OS_x: 69.4526 125.177 81.2213 87.14 103.165 93.3339 117.649 127.206 115.31 
OS_y: 214.7 195.586 188.148 212.517 189.486 165.31 211.48 176.641 166.6 
TRIAL_x: 9.81579 -1.57464e-06 -1.57464e-06 9.81579 -1.57464e-06 -9.81579 9.81579 -9.81579 -9.81579 
TRIAL_y: 10 -10 10 -1.60419e-06 -1.60419e-06 10 -10 -10 -1.60419e-06 
