version: 2.0.0
params: 275.098 199.716 0.423153 0.361232 114.199 
accuracy: 5.87845
noise_level: 6.91938e-310
UTC: 1718383696266
