version: 2.0.0
params: 102.631 190.049 0.428741 0.462439 -104.837 
accuracy: 2.30797
noise_level: 0
UTC: 1718383696266
