version: 2.0.0
params: 112.851 176.356 0.38042 0.395177 -107.67 
accuracy: 2.39159
noise_level: 0
UTC: 1729694489139
