version: 2.0.0
params: 308.784 195.669 0.37293 0.370385 104.313 
accuracy: 2.68159
noise_level: 6.16657e-310
UTC: 1729694489139
