OS_x: 124.997 147.21 110.955 124.647 136.157 78.9913 91.1332 105.843 100.674 
OS_y: 153.694 157.819 176.774 207.024 180.212 200.489 173.743 151.674 188.453 
TRIAL_x: -9.81579 -9.81579 -1.57464e-06 9.81579 -1.57464e-06 9.81579 -1.57464e-06 -9.81579 9.81579 
TRIAL_y: -1.60419e-06 -10 -1.60419e-06 -10 -10 10 10 10 -1.60419e-06 
