version: 2.0.0
params: 142.56 171.925 0.33355 0.331516 -107.058 
accuracy: 2.21559
noise_level: 0
UTC: 1732554274197
