OS_x: 142.166 157.356 117.764 181.161 130.098 105.559 156.596 132.328 158.572 
OS_y: 170.516 205.088 168.622 150.595 200.835 198.465 145.354 144.088 171.683 
TRIAL_x: -1.57464e-06 9.81579 -1.57464e-06 -9.81579 9.81579 9.81579 -9.81579 -9.81579 -1.57464e-06 
TRIAL_y: -1.60419e-06 -10 10 -10 -1.60419e-06 10 -1.60419e-06 10 -10 
