version: 2.0.0
params: 279.973 179.491 0.313357 0.299945 106.6 
accuracy: 2.17547
noise_level: 6.24625e-310
UTC: 1732554274197
