version: 2.0.0
params: 306.385 217.705 0.463709 0.416652 110.781 
accuracy: 2.17173
noise_level: 3.42326e-310
UTC: 1722531007726
