OS_x: 139.032 149.829 87.7681 111.898 108.266 132.305 129.219 98.3865 115.578 
OS_y: 190.846 169.85 206.448 162.707 209.477 205.689 164.98 183.143 185.268 
TRIAL_x: -1.57464e-06 -9.81579 9.81579 -9.81579 9.81579 9.81579 -9.81579 -1.57464e-06 -1.57464e-06 
TRIAL_y: -10 -10 10 10 -1.60419e-06 -10 -1.60419e-06 10 -1.60419e-06 
