version: 2.0.0
params: 118.715 186.387 0.400007 0.422918 -105.599 
accuracy: 2.0349
noise_level: 2.32243e-315
UTC: 1722531007726
