version: 2.0.0
params: 288.098 203.006 0.416597 0.375269 106.732 
accuracy: 1.64317
noise_level: 3.42326e-310
UTC: 1723221658347
