version: 2.0.0
params: 134.878 189.333 0.38884 0.383187 -107.358 
accuracy: 1.76523
noise_level: 1.25987e-315
UTC: 1723221658347
