OS_x: 145.465 121.376 124.761 133.176 103.216 157.055 146.929 169.408 112.63 
OS_y: 218.857 214.533 163.203 188.001 207.839 192.814 165.272 169.599 184.718 
TRIAL_x: 9.81579 9.81579 -9.81579 -1.57464e-06 9.81579 -1.57464e-06 -9.81579 -9.81579 -1.57464e-06 
TRIAL_y: -10 -1.60419e-06 10 -1.60419e-06 10 -10 -1.60419e-06 -10 10 
