version: 2.0.0
params: 66.9763 174.327 0.379651 0.387941 -110.589 
accuracy: 2.40604
noise_level: 1.35342e-315
UTC: 1715700070651
