version: 2.0.0
params: 308.615 202.83 0.414212 0.367458 108.107 
accuracy: 2.40192
noise_level: 3.42326e-310
UTC: 1715700070651
