OS_x: 33.9787 48.2523 65.9913 88.1577 80.2387 53.8294 75.2835 102.795 61.5248 
OS_y: 196.767 170.194 172.977 177.323 153.735 199.075 203.051 155.516 148.533 
TRIAL_x: 9.81579 -1.57464e-06 -1.57464e-06 -1.57464e-06 -9.81579 9.81579 9.81579 -9.81579 -9.81579 
TRIAL_y: 10 10 -1.60419e-06 -10 -1.60419e-06 -1.60419e-06 -10 -10 10 
