OS_x: 171.29 134.66 113.786 127.552 103.8 149.406 149.671 125.595 160.574 
OS_y: 169.15 188.02 185.957 163.175 212.415 165.051 219.325 214.243 190.879 
TRIAL_x: -9.81579 -1.57464e-06 -1.57464e-06 -9.81579 9.81579 -9.81579 9.81579 9.81579 -1.57464e-06 
TRIAL_y: -10 -1.60419e-06 10 10 10 -1.60419e-06 -10 -1.60419e-06 -10 
