version: 2.0.0
params: 301.718 191.269 0.350936 0.332638 108.015 
accuracy: 2.29132
noise_level: 6.66866e-310
UTC: 1730301635182
