version: 2.0.0
params: 136.436 188.923 0.368091 0.370834 -106.057 
accuracy: 1.89665
noise_level: 0
UTC: 1730301635182
