OS_x: 40.0826 43.4368 61.5413 23.1852 54.6007 71.2893 82.9681 52.76 67.3232 
OS_y: 196.212 218.558 223.073 174.466 197.564 201.403 183.001 178.195 179.723 
TRIAL_x: -1.57464e-06 9.81579 9.81579 9.81579 -1.57464e-06 -1.57464e-06 -9.81579 -9.81579 -9.81579 
TRIAL_y: 10 -1.60419e-06 -10 10 -1.60419e-06 -10 -10 10 -1.60419e-06 
