version: 2.0.0
params: 54.6007 197.564 0.462775 0.438258 -119.397 
accuracy: 3.78571
noise_level: 6.41544e-310
UTC: 1709137764521
