version: 2.0.0
params: 346.296 202.863 0.480894 0.458924 110.505 
accuracy: 2.52555
noise_level: 4.80493e+81
UTC: 1709137764521
