version: 2.0.0
params: 268.573 205.86 0.388998 0.36378 105.617 
accuracy: 1.81725
noise_level: 6.09753e-310
UTC: 1733848674467
