OS_x: 152.971 94.411 130.052 128.129 109.344 82.141 105.09 141.215 116.291 
OS_y: 158.215 174.138 153.444 208.693 152.431 202.166 203.18 180.832 175.552 
TRIAL_x: -9.81579 -1.57464e-06 -9.81579 9.81579 -9.81579 9.81579 9.81579 -1.57464e-06 -1.57464e-06 
TRIAL_y: -10 10 -1.60419e-06 -10 10 10 -1.60419e-06 -10 -1.60419e-06 
