version: 2.0.0
params: 116.956 177.024 0.355309 0.360627 -107.639 
accuracy: 2.04582
noise_level: 0
UTC: 1733848674467
