version: 2.0.0
params: 32.776 198.538 0.671158 0.57538 -122.3 
accuracy: 2.4931
noise_level: 0
UTC: 1708617377874
