version: 2.0.0
params: 346.444 192.774 0.218295 0.42283 90.5112 
accuracy: 8.91468
noise_level: 6.48277e-310
UTC: 1708617377874
