version: 2.0.0
params: 116.599 191.883 0.41215 0.412576 -109.796 
accuracy: 2.01526
noise_level: 0
UTC: 1729521534647
