version: 2.0.0
params: 288.74 199.746 0.399694 0.379794 105.872 
accuracy: 2.36945
noise_level: 6.46657e-310
UTC: 1729521534647
