OS_x: 149.57 129.071 86.8961 127.753 116.491 111.454 107.815 138.591 97.4997 
OS_y: 173.795 169.905 215.522 222.313 191.898 167.835 213.381 196.946 190.885 
TRIAL_x: -9.81579 -9.81579 9.81579 9.81579 -1.57464e-06 -9.81579 9.81579 -1.57464e-06 -1.57464e-06 
TRIAL_y: -10 -1.60419e-06 10 -10 -1.60419e-06 10 -1.60419e-06 -10 10 
