version: 2.0.0
params: 139.05 174.386 0.332604 0.348859 -108.025 
accuracy: 1.78544
noise_level: 0
UTC: 1732044476070
