OS_x: 165.01 153.197 152.235 138.577 113.368 101.182 178.943 126.134 128.85 
OS_y: 177.226 208.415 149.714 173.237 169.614 199.488 152.994 201.408 146.083 
TRIAL_x: -1.57464e-06 9.81579 -9.81579 -1.57464e-06 -1.57464e-06 9.81579 -9.81579 9.81579 -9.81579 
TRIAL_y: -10 -10 -1.60419e-06 -1.60419e-06 10 10 -10 -1.60419e-06 10 
