version: 2.0.0
params: 286.238 184.419 0.316725 0.319069 106.683 
accuracy: 1.88273
noise_level: 6.5778e-310
UTC: 1732044476070
