OS_x: 121.668 112.092 146.419 87.2148 110.111 133.613 135.071 158.776 101.93 
OS_y: 176.395 152.169 181.903 202.62 205.106 156.025 208.733 159.084 177.487 
TRIAL_x: -1.57464e-06 -9.81579 -1.57464e-06 9.81579 9.81579 -9.81579 9.81579 -9.81579 -1.57464e-06 
TRIAL_y: -1.60419e-06 10 -10 10 -1.60419e-06 -1.60419e-06 -10 -10 10 
