version: 2.0.0
params: 284.241 197.976 0.369292 0.341145 107.006 
accuracy: 2.08202
noise_level: 6.92046e-310
UTC: 1730995645437
