version: 2.0.0
params: 122.592 178.997 0.359212 0.372701 -106.88 
accuracy: 2.01024
noise_level: 0
UTC: 1730995645437
