version: 2.0.0
params: 31.594 186.139 0.424934 0.431866 -112.345 
accuracy: 2.92005
noise_level: 0
UTC: 1710863693941
