OS_x: 29.7536 64.1603 16.409 50.3616 45.4594 11.6555 38.101 27.38 10.8597 
OS_y: 185.812 169.47 210.187 189.934 165.524 187.643 213.416 163.648 200.092 
TRIAL_x: -1.57464e-06 -9.81579 9.81579 -1.57464e-06 -9.81579 -1.57464e-06 9.81579 -9.81579 9.81579 
TRIAL_y: -1.60419e-06 -10 -1.60419e-06 -10 -1.60419e-06 10 -10 10 10 
