version: 2.0.0
params: 360.579 176.998 0.396128 0.401714 111.721 
accuracy: 4.11187
noise_level: 6.83566e-310
UTC: 1710863693941
