OS_x: 104.047 114.338 138.534 118.159 93.4203 148.352 124.378 158.932 137.257 
OS_y: 180.921 209.395 160.432 158.907 206.1 187.364 182.153 164.836 212.982 
TRIAL_x: -1.57464e-06 9.81579 -9.81579 -9.81579 9.81579 -1.57464e-06 -1.57464e-06 -9.81579 9.81579 
TRIAL_y: 10 -1.60419e-06 -1.60419e-06 10 10 -10 -1.60419e-06 -10 -10 
