version: 2.0.0
params: 125.523 183.562 0.380457 0.373083 -106.573 
accuracy: 1.95512
noise_level: 1.4934e-315
UTC: 1724688098871
