version: 2.0.0
params: 279.639 211.51 0.39406 0.36936 105.656 
accuracy: 1.89563
noise_level: 3.42326e-310
UTC: 1724688098871
