version: 2.0.0
params: 93.923 202.16 0.478909 0.456443 -110.249 
accuracy: 2.15507
noise_level: 6.27474e-310
UTC: 1709740245998
