version: 2.0.0
params: 307.695 213.906 0.477656 0.440346 105.463 
accuracy: 2.47442
noise_level: 6.86942e+186
UTC: 1709740245998
