UTC: 1709740245998
InitLatency: 0.173543
InitAccel: 251.522
DIR_noise: 12.3556
SS_gain: 0.707245
SS_sacc_amp: 5.78359
SS_prop_smooth: 0.273668
SPD_reponsiveness: 1.75
SPD_noise: 4.63101
nFit: 0.54829
