OS_x: 72.9422 83.0626 88.5668 100.847 122.974 102.526 92.1532 110.575 74.1009 
OS_y: 216.837 224.303 180.683 227.688 186.668 181.879 201.325 205.251 199.447 
TRIAL_x: 9.81579 9.81579 -9.81579 9.81579 -9.81579 -9.81579 -1.57464e-06 -1.57464e-06 -1.57464e-06 
TRIAL_y: 10 -1.60419e-06 10 -10 -10 -1.60419e-06 -1.60419e-06 -10 10 
