version: 2.0.0
params: 120.191 180.851 0.369132 0.370515 -110.328 
accuracy: 1.729
noise_level: 0
UTC: 1728659681326
