version: 2.0.0
params: 280.682 207.023 0.396677 0.368141 106.755 
accuracy: 2.54336
noise_level: 6.86652e-310
UTC: 1728659681326
