OS_x: 155.433 133.25 87.471 120.292 143.611 109.845 95.3022 133.711 109.205 
OS_y: 163.569 158.392 205.294 182.023 185.886 158.02 167.194 211.897 206.096 
TRIAL_x: -9.81579 -9.81579 9.81579 -1.57464e-06 -1.57464e-06 -9.81579 -1.57464e-06 9.81579 9.81579 
TRIAL_y: -10 -1.60419e-06 10 -1.60419e-06 -10 10 10 -10 -1.60419e-06 
