version: 2.0.0
params: 323.288 202.236 0.457163 0.453652 111.28 
accuracy: 2.05165
noise_level: 2.17784e+301
UTC: 1713894565718
