OS_x: 103.824 79.0952 59.4932 71.6964 53.3032 77.5548 91.3871 66.6319 40.9242 
OS_y: 165.234 207.558 202.997 180.553 179.111 166.762 184.907 158.834 196.072 
TRIAL_x: -9.81579 9.81579 9.81579 -1.57464e-06 -1.57464e-06 -9.81579 -1.57464e-06 -9.81579 9.81579 
TRIAL_y: -10 -10 -1.60419e-06 -1.60419e-06 10 -1.60419e-06 -10 10 10 
