version: 2.0.0
params: 70.8382 182.701 0.424189 0.471236 -108.95 
accuracy: 2.09529
noise_level: 6.74087e-310
UTC: 1713894565718
