version: 2.0.0
params: 362.339 199.522 0.62107 0.550793 113.01 
accuracy: 2.43011
noise_level: 7.23953e+78
UTC: 1709049468332
