OS_x: 45.3326 35.7816 27.9871 41.8081 5.36677 25.6045 44.1174 16.7394 8.66645 
OS_y: 199.388 215.27 196.749 179.097 216.108 189.248 141.05 218.87 203.223 
TRIAL_x: -1.57464e-06 9.81579 -1.57464e-06 -9.81579 9.81579 -9.81579 -9.81579 9.81579 -1.57464e-06 
TRIAL_y: -10 -10 -1.60419e-06 -1.60419e-06 10 10 -10 -1.60419e-06 10 
