version: 2.0.0
params: 26.8582 193.603 0.531598 0.325684 -100.859 
accuracy: 5.00205
noise_level: 6.49908e-310
UTC: 1709049468332
