OS_x: 79.3948 103.498 84.6616 77.7916 120.978 104.946 93.5913 111.072 89.3374 
OS_y: 144.383 159.685 155.338 134.426 126.667 121.293 136.95 142.082 120.446 
TRIAL_x: 9.81579 9.81579 9.81579 -1.57464e-06 -9.81579 -9.81579 -1.57464e-06 -1.57464e-06 -9.81579 
TRIAL_y: 10 -10 -1.60419e-06 10 -10 -1.60419e-06 -1.60419e-06 -10 10 
