version: 2.0.0
params: 94.9485 137.314 0.534729 0.579073 -113.78 
accuracy: 1.9987
noise_level: 6.89192e-310
UTC: 1706050124150
