version: 2.0.0
params: 343.411 153.251 0.425062 0.477053 117.072 
accuracy: 4.8697
noise_level: 4.8022e-210
UTC: 1706050124150
