version: 2.0.0
params: 312.823 213.751 0.525438 0.481535 111.313 
accuracy: 2.24847
noise_level: 1.08006e+231
UTC: 1708532489571
