OS_x: 62.711 56.5777 30.9535 45.7045 52.9923 68.0903 40.7339 84.7165 72.2774 
OS_y: 213.188 195.313 214.937 216.504 176.192 176.904 194.785 180.782 199.893 
TRIAL_x: 9.81579 -1.57464e-06 9.81579 9.81579 -9.81579 -9.81579 -1.57464e-06 -9.81579 -1.57464e-06 
TRIAL_y: -10 -1.60419e-06 10 -1.60419e-06 10 -1.60419e-06 10 -10 -10 
