UTC: 1708532489571
InitLatency: 0.167366
InitAccel: 181.691
DIR_noise: 21.3215
SS_gain: 0.693089
SS_sacc_amp: 5.19653
SS_prop_smooth: 0.30865
SPD_reponsiveness: 1.65
SPD_noise: 4.49419
nFit: -0.0872394
