version: 2.0.0
params: 56.757 195.558 0.460717 0.457559 -108.003 
accuracy: 2.73963
noise_level: 6.878e-310
UTC: 1708532489571
