version: 2.0.0
params: 113.817 188.743 0.407134 0.41002 -110.975 
accuracy: 1.81304
noise_level: 6.72145e-310
UTC: 1708708028061
