OS_x: 104.967 82.7403 147.969 113.816 107.129 125.176 93.6636 125.797 135.02 
OS_y: 210.564 211.302 171.373 188.742 165.128 220.611 186.606 166.635 194.011 
TRIAL_x: 9.81579 9.81579 -9.81579 -1.57464e-06 -9.81579 9.81579 -1.57464e-06 -9.81579 -1.57464e-06 
TRIAL_y: -1.60419e-06 10 -10 -1.60419e-06 10 -10 10 -1.60419e-06 -10 
