version: 2.0.0
params: 262.306 206.9 0.419927 0.408688 105.585 
accuracy: 1.88817
noise_level: 7.07526e-250
UTC: 1708708028061
