version: 2.0.0
params: 178.216 182.836 0.332465 0.346412 -105.277 
accuracy: 1.59123
noise_level: 0
UTC: 1732226370075
