OS_x: 175.639 167.148 140.831 152.136 190.118 216.193 196.197 164.713 205.306 
OS_y: 179.535 210.402 208.87 178.896 157.318 161.677 216.426 154.39 184.277 
TRIAL_x: -1.57464e-06 9.81579 9.81579 -1.57464e-06 -9.81579 -9.81579 9.81579 -9.81579 -1.57464e-06 
TRIAL_y: -1.60419e-06 -1.60419e-06 10 10 -1.60419e-06 -10 -10 10 -10 
