version: 2.0.0
params: 272.328 188.111 0.3254 0.327374 105.779 
accuracy: 1.85474
noise_level: 6.7142e-310
UTC: 1732226370075
