version: 2.0.0
params: 357.436 184.075 0.276225 0.440283 112.097 
accuracy: 7.38302
noise_level: 7.53808e+278
UTC: 1710428552790
