version: 2.0.0
params: 57.3715 178.139 0.412372 0.423773 -108.172 
accuracy: 2.65512
noise_level: 6.45868e-310
UTC: 1710428552790
