version: 2.0.0
params: 138.832 174.703 0.362848 0.338348 -105.432 
accuracy: 2.34136
noise_level: 0
UTC: 1732044301662
