version: 2.0.0
params: 285.253 186.138 0.360976 0.317854 103.945 
accuracy: 2.64004
noise_level: 6.5778e-310
UTC: 1732044301662
