OS_x: 166.741 126.125 143.913 153.562 128.943 166.869 140.144 114.555 102.789 
OS_y: 178.169 203.352 206.416 148.106 146.26 151.556 172.66 169.535 199.106 
TRIAL_x: -1.57464e-06 9.81579 9.81579 -9.81579 -9.81579 -9.81579 -1.57464e-06 -1.57464e-06 9.81579 
TRIAL_y: -10 -1.60419e-06 -10 -1.60419e-06 10 -10 -1.60419e-06 10 10 
