OS_x: 131.311 145.316 149.854 116.004 127.742 134.884 126.436 147.155 168.58 
OS_y: 207.764 171.358 219.87 188.164 169.706 191.572 197.309 192.904 173.259 
TRIAL_x: 9.81579 -9.81579 9.81579 -1.57464e-06 -9.81579 -1.57464e-06 9.81579 -1.57464e-06 -9.81579 
TRIAL_y: -1.60419e-06 -1.60419e-06 -10 10 10 -1.60419e-06 10 -10 -10 
