version: 2.0.0
params: 276.724 218.739 0.489373 0.447924 106.481 
accuracy: 2.99836
noise_level: 3.4296e-310
UTC: 1724778285596
