version: 2.0.0
params: 137.845 191.369 0.463646 0.458956 -110.665 
accuracy: 2.74901
noise_level: 2.08257e-315
UTC: 1724778285596
