version: 2.0.0
params: 121.108 189.285 0.379154 0.389396 -105.959 
accuracy: 2.049
noise_level: 2.07335e-315
UTC: 1718297113308
