OS_x: 89.2626 109.772 143.195 120.646 132.302 109.959 155 99.5652 133.112 
OS_y: 212.304 170.89 192.247 188.417 217.761 213.47 170.821 185.826 165.889 
TRIAL_x: 9.81579 -9.81579 -1.57464e-06 -1.57464e-06 9.81579 9.81579 -9.81579 -1.57464e-06 -9.81579 
TRIAL_y: 10 10 -10 -1.60419e-06 -10 -1.60419e-06 -10 10 -1.60419e-06 
