version: 2.0.0
params: 288.987 208.51 0.412049 0.368947 106.551 
accuracy: 1.5882
noise_level: 3.42326e-310
UTC: 1718297113308
