version: 2.0.0
params: 356.542 194.337 0.449361 0.425084 112.601 
accuracy: 2.62975
noise_level: 3.16055e-146
UTC: 1710520248751
