version: 2.0.0
params: 44.1786 182.083 0.415871 0.412656 -110.522 
accuracy: 2.77014
noise_level: 6.77425e-310
UTC: 1710520248751
