OS_x: 49.4935 16.4726 43.2881 62.5068 76.0081 30.9545 26.75 57.7858 41.3842 
OS_y: 209.477 200.503 181.021 185.155 166.387 204.687 183.8 161.904 160.647 
TRIAL_x: 9.81579 9.81579 -1.57464e-06 -1.57464e-06 -9.81579 9.81579 -1.57464e-06 -9.81579 -9.81579 
TRIAL_y: -10 10 -1.60419e-06 -10 -10 -1.60419e-06 10 -1.60419e-06 10 
