version: 2.0.0
params: 120.643 188.77 0.407727 0.391853 -109.161 
accuracy: 2.49929
noise_level: 1.32386e-315
UTC: 1718296957725
