OS_x: 144.325 121.828 90.3206 149.634 112.223 87.8716 134.413 133.678 110.03 
OS_y: 193.432 188.698 212.375 174.033 166.025 162.647 217.83 166.729 213.989 
TRIAL_x: -1.57464e-06 -1.57464e-06 9.81579 -9.81579 -9.81579 -1.57464e-06 9.81579 -9.81579 9.81579 
TRIAL_y: -10 -1.60419e-06 10 -10 10 10 -10 -1.60419e-06 -1.60419e-06 
