version: 2.0.0
params: 289.227 208.198 0.39912 0.367753 107.384 
accuracy: 1.98293
noise_level: 3.42326e-310
UTC: 1718296957725
