version: 2.0.0
params: 304.189 212.077 0.439132 0.404846 107.183 
accuracy: 2.29717
noise_level: 6.30846e-310
UTC: 1733935845658
