version: 2.0.0
params: 97.8247 186.963 0.409733 0.407217 -109.14 
accuracy: 2.13316
noise_level: 0
UTC: 1733935845658
