OS_x: 92.101 97.1597 130.131 85.9439 107.384 117.681 67.4355 109.76 79.1881 
OS_y: 163.668 185.917 169.954 210.765 214.387 190.836 207.792 165.918 183.962 
TRIAL_x: -9.81579 -1.57464e-06 -9.81579 9.81579 9.81579 -1.57464e-06 9.81579 -9.81579 -1.57464e-06 
TRIAL_y: 10 -1.60419e-06 -10 -1.60419e-06 -10 -10 10 -1.60419e-06 10 
