version: 2.0.0
params: 114.463 178.941 0.37151 0.358293 -109.581 
accuracy: 2.76916
noise_level: 6.18121e-310
UTC: 1712684549266
