version: 2.0.0
params: 316.595 189.743 0.408768 0.366085 113.763 
accuracy: 3.57362
noise_level: -5.22041e+45
UTC: 1712684549266
