OS_x: 80.371 127.463 101.386 131.633 126.863 97.0455 114.127 149.554 118.379 
OS_y: 203.215 210.34 206.606 182.204 156.191 174.471 178.16 160.336 159.52 
TRIAL_x: 9.81579 9.81579 9.81579 -1.57464e-06 -9.81579 -1.57464e-06 -1.57464e-06 -9.81579 -9.81579 
TRIAL_y: 10 -10 -1.60419e-06 -10 -1.60419e-06 10 -1.60419e-06 -10 10 
