version: 2.0.0
params: 302.051 192.384 0.340987 0.35179 106.53 
accuracy: 2.36757
noise_level: 6.4125e-310
UTC: 1734542683883
