OS_x: 160.019 147.766 111.466 150.186 126.526 134.857 99.9513 124.507 167.289 
OS_y: 171.236 145.592 164.42 198.494 140.89 166.419 191.515 193.406 152.297 
TRIAL_x: -1.57464e-06 -9.81579 -1.57464e-06 9.81579 -9.81579 -1.57464e-06 9.81579 9.81579 -9.81579 
TRIAL_y: -10 -1.60419e-06 10 -10 10 -1.60419e-06 10 -1.60419e-06 -10 
