version: 2.0.0
params: 134.989 168.448 0.387379 0.390565 -107.713 
accuracy: 1.55074
noise_level: 0
UTC: 1734542683883
