version: 2.0.0
params: 364.393 188.783 0.479591 0.462756 109.853 
accuracy: 2.68026
noise_level: 3.72374e+279
UTC: 1711735876192
