version: 2.0.0
params: 51.536 185.057 0.420917 0.440668 -111.452 
accuracy: 2.62436
noise_level: 6.65151e-310
UTC: 1711735876192
