OS_x: 34.7206 71.5487 83.65 64.3887 40.6352 21.951 56.9377 50.1032 48.8468 
OS_y: 182.337 188.453 167.953 164.447 202.951 205.181 212.928 185.741 163.905 
TRIAL_x: -1.57464e-06 -1.57464e-06 -9.81579 -9.81579 9.81579 9.81579 9.81579 -1.57464e-06 -9.81579 
TRIAL_y: 10 -10 -10 -1.60419e-06 -1.60419e-06 10 -10 -1.60419e-06 10 
