OS_x: 107.92 128.063 85.8884 129.339 94.2352 152.06 115.673 137.202 103.733 
OS_y: 149.499 205.066 199.549 151.698 173.433 158.29 175.6 179.934 201.338 
TRIAL_x: -9.81579 9.81579 9.81579 -9.81579 -1.57464e-06 -9.81579 -1.57464e-06 -1.57464e-06 9.81579 
TRIAL_y: 10 -10 10 -1.60419e-06 10 -10 -1.60419e-06 -10 -1.60419e-06 
