version: 2.0.0
params: 291.567 194.669 0.358103 0.347036 106.868 
accuracy: 2.29316
noise_level: 6.53332e-310
UTC: 1729092546247
