version: 2.0.0
params: 116.595 176.207 0.375852 0.380234 -108.62 
accuracy: 2.01064
noise_level: 0
UTC: 1729092546247
